index,Обозначение,D,d_1_,d_2_,l_,L,z,Конус_Морзе,Исполнение,fi_,mat_,Группа,Тип_инструмента,Стандарт,D_1,d_,h_,l_1_,l_2_,r_,l_0_,Тип_развертки,fi_1_,gamma_,lambda_,Конусность_развертки,d_2_доп._
3125,2260-0193,5.5,,,47,93.0,6.0,,2,1.0,,,Развертка,ГОСТ 7722-77,,5.5,,12.0,40.0,0.2,,Цилиндрическая,0.0,0.0,0.0,,
3203,23-60-0183,3.4,,,31,62.0,6.0,,2,1.0,,,Развертка,ГОСТ 7722-77,,3.4,,10.0,28.0,0.2,,Цилиндрическая,0.0,0.0,0.0,,
13247,2360-0101,1.0,,,18.0,38.0,5.0,,1,1.0,,,Развертка,ГОСТ 7722-77,,2.0,,4.0,18.0,0.2,,Цилиндрическая,0.0,0.0,0.0,,
13248,2360-0102,1.1,,,18.0,38.0,5.0,,1,1.0,,,Развертка,ГОСТ 7722-77,,2.0,,4.0,18.0,0.2,,Цилиндрическая,0.0,0.0,0.0,,
13249,2360-0103,1.2,,,20.0,41.0,5.0,,1,1.0,,,Развертка,ГОСТ 7722-77,,2.0,,5.0,18.0,0.2,,Цилиндрическая,0.0,0.0,0.0,,
13250,2360-0104,1.4,,,20.0,41.0,5.0,,1,1.0,,,Развертка,ГОСТ 7722-77,,2.0,,5.0,18.0,0.2,,Цилиндрическая,0.0,0.0,0.0,,
13251,2360-0105,1.5,,,20.0,41.0,4.0,,1,1.0,,,Развертка,ГОСТ 7722-77,,1.5,,5.0,18.0,0.2,,Цилиндрическая,0.0,0.0,0.0,,
13252,2360-0106,1.6,,,21.0,44.0,4.0,,1,1.0,,,Развертка,ГОСТ 7722-77,,1.6,,6.0,20.0,0.2,,Цилиндрическая,0.0,0.0,0.0,,
13253,2360-0107,1.8,,,23.0,47.0,4.0,,1,1.0,,,Развертка,ГОСТ 7722-77,,1.8,,6.0,20.0,0.2,,Цилиндрическая,0.0,0.0,0.0,,
13254,2360-0108,2.0,,,25.0,50.0,4.0,,1,1.0,,,Развертка,ГОСТ 7722-77,,2.0,,7.0,22.0,0.2,,Цилиндрическая,0.0,0.0,0.0,,
13255,2360-0109,2.2,,,27.0,54.0,4.0,,1,1.0,,,Развертка,ГОСТ 7722-77,,2.2,,7.0,22.0,0.2,,Цилиндрическая,0.0,0.0,0.0,,
13256,2360-0110,2.5,,,29.0,58.0,4.0,,1,1.0,,,Развертка,ГОСТ 7722-77,,2.5,,8.0,25.0,0.2,,Цилиндрическая,0.0,0.0,0.0,,
13257,2360-0111,2.8,,,31.0,62.0,4.0,,1,1.0,,,Развертка,ГОСТ 7722-77,,2.8,,8.0,28.0,0.2,,Цилиндрическая,0.0,0.0,0.0,,
13258,2360-0112,3.0,,,31.0,62.0,6.0,,1,1.0,,,Развертка,ГОСТ 7722-77,,3.0,,10.0,28.0,0.2,,Цилиндрическая,0.0,0.0,0.0,,
13259,2360-0113,3.2,,,31.0,62.0,6.0,,1,1.0,,,Развертка,ГОСТ 7722-77,,3.2,,10.0,28.0,0.2,,Цилиндрическая,0.0,0.0,0.0,,
13260,2360-0114,3.4,,,31.0,62.0,6.0,,1,1.0,,,Развертка,ГОСТ 7722-77,,3.4,,10.0,28.0,0.2,,Цилиндрическая,0.0,0.0,0.0,,
13261,2360-0115,3.5,,,35.0,71.0,6.0,,1,1.0,,,Развертка,ГОСТ 7722-77,,3.5,,10.0,32.0,0.2,,Цилиндрическая,0.0,0.0,0.0,,
13262,2360-0116,3.6,,,35.0,71.0,6.0,,1,1.0,,,Развертка,ГОСТ 7722-77,,3.6,,10.0,32.0,0.2,,Цилиндрическая,0.0,0.0,0.0,,
13263,2360-0117,3.8,,,35.0,71.0,6.0,,1,1.0,,,Развертка,ГОСТ 7722-77,,3.8,,10.0,32.0,0.2,,Цилиндрическая,0.0,0.0,0.0,,
13264,2360-0118,4.0,,,38.0,76.0,6.0,,1,1.0,,,Развертка,ГОСТ 7722-77,,4.0,,11.0,32.0,0.2,,Цилиндрическая,0.0,0.0,0.0,,
13265,2360-0119,4.2,,,38.0,76.0,6.0,,1,1.0,,,Развертка,ГОСТ 7722-77,,4.2,,11.0,32.0,0.2,,Цилиндрическая,0.0,0.0,0.0,,
13266,2360-0120,4.5,,,41.0,81.0,6.0,,1,1.0,,,Развертка,ГОСТ 7722-77,,4.5,,11.0,32.0,0.2,,Цилиндрическая,0.0,0.0,0.0,,
13267,2360-0121,4.8,,,41.0,81.0,6.0,,1,1.0,,,Развертка,ГОСТ 7722-77,,4.8,,11.0,32.0,0.2,,Цилиндрическая,0.0,0.0,0.0,,
13268,2360-0122,5.0,,,44.0,87.0,6.0,,1,1.0,,,Развертка,ГОСТ 7722-77,,5.0,,12.0,36.0,0.2,,Цилиндрическая,0.0,0.0,0.0,,
13269,2360-0123,5.2,,,44.0,87.0,6.0,,1,1.0,,,Развертка,ГОСТ 7722-77,,5.2,,12.0,36.0,0.2,,Цилиндрическая,0.0,0.0,0.0,,
13270,2360-0124,5.5,,,47.0,93.0,6.0,,1,1.0,,,Развертка,ГОСТ 7722-77,,5.5,,12.0,40.0,0.2,,Цилиндрическая,0.0,0.0,0.0,,
13271,2360-0125,6.0,,,47.0,93.0,6.0,,1,1.0,,,Развертка,ГОСТ 7722-77,,6.0,,13.0,40.0,0.2,,Цилиндрическая,0.0,0.0,0.0,,
13272,2360-0126,6.3,,,47.0,93.0,6.0,,1,1.0,,,Развертка,ГОСТ 7722-77,,6.3,,13.0,40.0,0.2,,Цилиндрическая,0.0,0.0,0.0,,
13273,2360-0127,6.5,,,47.0,93.0,6.0,,1,1.0,,,Развертка,ГОСТ 7722-77,,6.5,,13.0,40.0,0.2,,Цилиндрическая,0.0,0.0,0.0,,
13274,2360-0128,7.0,,,54.0,107.0,6.0,,1,1.0,,,Развертка,ГОСТ 7722-77,,7.0,,15.0,45.0,0.2,,Цилиндрическая,0.0,0.0,0.0,,
13275,2360-0129,7.5,,,54.0,107.0,6.0,,1,1.0,,,Развертка,ГОСТ 7722-77,,7.5,,15.0,45.0,0.2,,Цилиндрическая,0.0,0.0,0.0,,
13276,2360-0130,8.0,,,58.0,115.0,6.0,,1,1.0,,,Развертка,ГОСТ 7722-77,,8.0,,15.0,45.0,0.2,,Цилиндрическая,0.0,0.0,0.0,,
13277,2360-0131,8.5,,,58.0,115.0,6.0,,1,1.0,,,Развертка,ГОСТ 7722-77,,8.5,,15.0,45.0,0.2,,Цилиндрическая,0.0,0.0,0.0,,
13278,2360-0132,9.0,,,62.0,124.0,6.0,,1,1.0,,,Развертка,ГОСТ 7722-77,,9.0,,16.0,50.0,0.2,,Цилиндрическая,0.0,0.0,0.0,,
13279,2360-0133,9.5,,,62.0,124.0,6.0,,1,1.0,,,Развертка,ГОСТ 7722-77,,9.5,,16.0,50.0,0.2,,Цилиндрическая,0.0,0.0,0.0,,
13280,2360-0134,10.0,,,66.0,133.0,6.0,,1,1.0,,,Развертка,ГОСТ 7722-77,,10.0,,16.0,50.0,0.2,,Цилиндрическая,0.0,0.0,0.0,,
13281,2360-0135,10.5,,,66.0,133.0,8.0,,1,1.0,,,Развертка,ГОСТ 7722-77,,10.5,,16.0,50.0,0.2,,Цилиндрическая,0.0,0.0,0.0,,
13282,2360-0136,11.0,,,71.0,142.0,8.0,,1,1.0,,,Развертка,ГОСТ 7722-77,,11.0,,18.0,55.0,0.2,,Цилиндрическая,0.0,0.0,0.0,,
13283,2360-0137,11.5,,,71.0,142.0,8.0,,1,1.0,,,Развертка,ГОСТ 7722-77,,11.5,,18.0,55.0,0.2,,Цилиндрическая,0.0,0.0,0.0,,
13284,2360-0138,12.0,,,76.0,152.0,8.0,,1,1.0,,,Развертка,ГОСТ 7722-77,,12.0,,18.0,60.0,0.2,,Цилиндрическая,0.0,0.0,0.0,,
13285,2360-0139,13.0,,,76.0,152.0,8.0,,1,1.0,,,Развертка,ГОСТ 7722-77,,13.0,,18.0,60.0,0.2,,Цилиндрическая,0.0,0.0,0.0,,
13286,2360-0140,14.0,,,81.0,163.0,8.0,,1,1.0,,,Развертка,ГОСТ 7722-77,,14.0,,21.0,65.0,0.2,,Цилиндрическая,0.0,0.0,0.0,,
13287,2360-0141,15.0,,,81.0,163.0,8.0,,1,1.0,,,Развертка,ГОСТ 7722-77,,15.0,,21.0,65.0,0.2,,Цилиндрическая,0.0,0.0,0.0,,
13288,2360-0142,16.0,,,87.0,175.0,8.0,,1,1.0,,,Развертка,ГОСТ 7722-77,,16.0,,21.0,70.0,0.2,,Цилиндрическая,0.0,0.0,0.0,,
13289,2360-0143,17.0,,,87.0,175.0,8.0,,1,1.0,,,Развертка,ГОСТ 7722-77,,17.0,,23.0,70.0,0.2,,Цилиндрическая,0.0,0.0,0.0,,
13290,2360-0144,18.0,,,93.0,188.0,8.0,,1,1.0,,,Развертка,ГОСТ 7722-77,,18.0,,23.0,80.0,0.2,,Цилиндрическая,0.0,0.0,0.0,,
13291,2360-0145,19.0,,,93.0,188.0,8.0,,1,1.0,,,Развертка,ГОСТ 7722-77,,19.0,,23.0,80.0,0.2,,Цилиндрическая,0.0,0.0,0.0,,
13292,2360-0146,20.0,,,100.0,201.0,8.0,,1,1.0,,,Развертка,ГОСТ 7722-77,,20.0,,26.0,80.0,0.2,,Цилиндрическая,0.0,0.0,0.0,,
13293,2360-0147,21.0,,,100.0,201.0,8.0,,1,1.0,,,Развертка,ГОСТ 7722-77,,21.0,,26.0,80.0,0.2,,Цилиндрическая,0.0,0.0,0.0,,
13294,2360-0148,22.0,,,107.0,215.0,8.0,,1,1.0,,,Развертка,ГОСТ 7722-77,,22.0,,26.0,90.0,0.2,,Цилиндрическая,0.0,0.0,0.0,,
13295,2360-0149,23.0,,,107.0,215.0,8.0,,1,1.0,,,Развертка,ГОСТ 7722-77,,23.0,,28.0,90.0,0.2,,Цилиндрическая,0.0,0.0,0.0,,
13296,2360-0150,24.0,,,115.0,231.0,8.0,,1,1.0,,,Развертка,ГОСТ 7722-77,,24.0,,28.0,90.0,0.2,,Цилиндрическая,0.0,0.0,0.0,,
13297,2360-0151,25.0,,,115.0,231.0,8.0,,1,1.0,,,Развертка,ГОСТ 7722-77,,25.0,,28.0,90.0,0.2,,Цилиндрическая,0.0,0.0,0.0,,
13298,2360-0152,26.0,,,115.0,231.0,8.0,,1,1.0,,,Развертка,ГОСТ 7722-77,,26.0,,31.0,90.0,0.2,,Цилиндрическая,0.0,0.0,0.0,,
13299,2360-0153,27.0,,,124.0,247.0,8.0,,1,1.0,,,Развертка,ГОСТ 7722-77,,27.0,,31.0,100.0,0.2,,Цилиндрическая,0.0,0.0,0.0,,
13300,2360-0154,28.0,,,124.0,247.0,8.0,,1,1.0,,,Развертка,ГОСТ 7722-77,,28.0,,31.0,100.0,0.2,,Цилиндрическая,0.0,0.0,0.0,,
13301,2360-0155,30.0,,,124.0,247.0,10.0,,1,1.0,,,Развертка,ГОСТ 7722-77,,30.0,,35.0,100.0,0.2,,Цилиндрическая,0.0,0.0,0.0,,
13302,2360-0156,32.0,,,133.0,265.0,10.0,,1,1.0,,,Развертка,ГОСТ 7722-77,,32.0,,35.0,110.0,0.2,,Цилиндрическая,0.0,0.0,0.0,,
13303,2360-0157,34.0,,,142.0,284.0,10.0,,1,1.0,,,Развертка,ГОСТ 7722-77,,34.0,,38.0,120.0,0.2,,Цилиндрическая,0.0,0.0,0.0,,
13304,2360-0158,35.0,,,142.0,284.0,10.0,,1,1.0,,,Развертка,ГОСТ 7722-77,,35.0,,38.0,120.0,0.2,,Цилиндрическая,0.0,0.0,0.0,,
13305,2360-0159,36.0,,,142.0,284.0,10.0,,1,1.0,,,Развертка,ГОСТ 7722-77,,36.0,,38.0,120.0,0.2,,Цилиндрическая,0.0,0.0,0.0,,
13306,2360-0160,37.0,,,152.0,305.0,12.0,,1,1.0,,,Развертка,ГОСТ 7722-77,,37.0,,38.0,125.0,0.2,,Цилиндрическая,0.0,0.0,0.0,,
13307,2360-0161,38.0,,,152.0,305.0,12.0,,1,1.0,,,Развертка,ГОСТ 7722-77,,38.0,,38.0,125.0,0.2,,Цилиндрическая,0.0,0.0,0.0,,
13308,2360-0162,40.0,,,152.0,305.0,12.0,,1,1.0,,,Развертка,ГОСТ 7722-77,,40.0,,42.0,125.0,0.2,,Цилиндрическая,0.0,0.0,0.0,,
13309,2360-0163,42.0,,,152.0,305.0,12.0,,1,1.0,,,Развертка,ГОСТ 7722-77,,42.0,,42.0,125.0,0.2,,Цилиндрическая,0.0,0.0,0.0,,
13310,2360-0164,44.0,,,163.0,326.0,12.0,,1,1.0,,,Развертка,ГОСТ 7722-77,,44.0,,47.0,130.0,0.2,,Цилиндрическая,0.0,0.0,0.0,,
13311,2360-0165,45.0,,,163.0,326.0,12.0,,1,1.0,,,Развертка,ГОСТ 7722-77,,45.0,,47.0,130.0,0.2,,Цилиндрическая,0.0,0.0,0.0,,
13312,2360-0166,46.0,,,163.0,326.0,12.0,,1,1.0,,,Развертка,ГОСТ 7722-77,,46.0,,47.0,130.0,0.2,,Цилиндрическая,0.0,0.0,0.0,,
13313,2360-0167,47.0,,,163.0,326.0,12.0,,1,1.0,,,Развертка,ГОСТ 7722-77,,47.0,,47.0,130.0,0.2,,Цилиндрическая,0.0,0.0,0.0,,
13314,2360-0168,48.0,,,174.0,347.0,12.0,,1,1.0,,,Развертка,ГОСТ 7722-77,,48.0,,47.0,135.0,0.2,,Цилиндрическая,0.0,0.0,0.0,,
13315,2360-0169,50.0,,,174.0,347.0,12.0,,1,1.0,,,Развертка,ГОСТ 7722-77,,50.0,,47.0,135.0,0.2,,Цилиндрическая,0.0,0.0,0.0,,
13316,2360-0170,52.0,,,174.0,347.0,12.0,,1,1.0,,,Развертка,ГОСТ 7722-77,,52.0,,52.0,135.0,0.2,,Цилиндрическая,0.0,0.0,0.0,,
13317,2360-0171,55.0,,,184.0,367.0,12.0,,1,1.0,,,Развертка,ГОСТ 7722-77,,55.0,,52.0,145.0,0.2,,Цилиндрическая,0.0,0.0,0.0,,
13318,2360-0172,56.0,,,184.0,367.0,12.0,,1,1.0,,,Развертка,ГОСТ 7722-77,,56.0,,52.0,145.0,0.2,,Цилиндрическая,0.0,0.0,0.0,,
13319,2360-0173,58.0,,,184.0,367.0,12.0,,1,1.0,,,Развертка,ГОСТ 7722-77,,58.0,,52.0,145.0,0.2,,Цилиндрическая,0.0,0.0,0.0,,
13320,2360-0174,60.0,,,184.0,367.0,12.0,,1,1.0,,,Развертка,ГОСТ 7722-77,,60.0,,52.0,145.0,0.2,,Цилиндрическая,0.0,0.0,0.0,,
13321,2360-0175,62.0,,,194.0,387.0,12.0,,1,1.0,,,Развертка,ГОСТ 7722-77,,62.0,,57.0,150.0,0.2,,Цилиндрическая,0.0,0.0,0.0,,
13322,2360-0176,63.0,,,194.0,387.0,12.0,,1,1.0,,,Развертка,ГОСТ 7722-77,,63.0,,57.0,150.0,0.2,,Цилиндрическая,0.0,0.0,0.0,,
13323,2360-0177,67.0,,,194.0,387.0,12.0,,1,1.0,,,Развертка,ГОСТ 7722-77,,67.0,,57.0,150.0,0.2,,Цилиндрическая,0.0,0.0,0.0,,
13324,2360-0178,71.0,,,203.0,406.0,12.0,,1,1.0,,,Развертка,ГОСТ 7722-77,,71.0,,57.0,160.0,0.2,,Цилиндрическая,0.0,0.0,0.0,,
13325,2360-0181,3.0,,,31.0,62.0,6.0,,2,1.0,,,Развертка,ГОСТ 7722-77,,3.0,,10.0,28.0,0.2,,Цилиндрическая,0.0,0.0,0.0,,
13326,2360-0182,3.2,,,31.0,62.0,6.0,,2,1.0,,,Развертка,ГОСТ 7722-77,,3.2,,10.0,28.0,0.2,,Цилиндрическая,0.0,0.0,0.0,,
13327,2360-0184,3.5,,,35.0,71.0,6.0,,2,1.0,,,Развертка,ГОСТ 7722-77,,3.5,,10.0,32.0,0.2,,Цилиндрическая,0.0,0.0,0.0,,
13328,2360-0185,3.6,,,35.0,71.0,6.0,,2,1.0,,,Развертка,ГОСТ 7722-77,,3.6,,10.0,32.0,0.2,,Цилиндрическая,0.0,0.0,0.0,,
13329,2360-0186,3.8,,,35.0,71.0,6.0,,2,1.0,,,Развертка,ГОСТ 7722-77,,3.8,,10.0,32.0,0.2,,Цилиндрическая,0.0,0.0,0.0,,
13330,2360-0187,4.0,,,38.0,76.0,6.0,,2,1.0,,,Развертка,ГОСТ 7722-77,,4.0,,11.0,32.0,0.2,,Цилиндрическая,0.0,0.0,0.0,,
13331,2360-0188,4.2,,,38.0,76.0,6.0,,2,1.0,,,Развертка,ГОСТ 7722-77,,4.2,,11.0,32.0,0.2,,Цилиндрическая,0.0,0.0,0.0,,
13332,2360-0189,4.5,,,41.0,81.0,6.0,,2,1.0,,,Развертка,ГОСТ 7722-77,,4.5,,11.0,32.0,0.2,,Цилиндрическая,0.0,0.0,0.0,,
13333,2360-0190,4.8,,,41.0,81.0,6.0,,2,1.0,,,Развертка,ГОСТ 7722-77,,4.8,,11.0,32.0,0.2,,Цилиндрическая,0.0,0.0,0.0,,
13334,2360-0191,5.0,,,44.0,87.0,6.0,,2,1.0,,,Развертка,ГОСТ 7722-77,,5.0,,12.0,36.0,0.2,,Цилиндрическая,0.0,0.0,0.0,,
13335,2360-0192,5.2,,,44.0,87.0,6.0,,2,1.0,,,Развертка,ГОСТ 7722-77,,5.2,,12.0,36.0,0.2,,Цилиндрическая,0.0,0.0,0.0,,
13336,2360-0194,6.0,,,47.0,93.0,6.0,,2,1.0,,,Развертка,ГОСТ 7722-77,,6.0,,13.0,40.0,0.2,,Цилиндрическая,0.0,0.0,0.0,,
13337,2360-0195,6.3,,,47.0,93.0,6.0,,2,1.0,,,Развертка,ГОСТ 7722-77,,6.3,,13.0,40.0,0.2,,Цилиндрическая,0.0,0.0,0.0,,
13338,2360-0196,6.5,,,47.0,93.0,6.0,,2,1.0,,,Развертка,ГОСТ 7722-77,,6.5,,13.0,40.0,0.2,,Цилиндрическая,0.0,0.0,0.0,,
13339,2360-0197,7.0,,,54.0,107.0,6.0,,2,1.0,,,Развертка,ГОСТ 7722-77,,7.0,,15.0,45.0,0.2,,Цилиндрическая,0.0,0.0,0.0,,
13340,2360-0198,7.5,,,54.0,107.0,6.0,,2,1.0,,,Развертка,ГОСТ 7722-77,,7.5,,15.0,45.0,0.2,,Цилиндрическая,0.0,0.0,0.0,,
13341,2360-0199,8.0,,,58.0,115.0,6.0,,2,1.0,,,Развертка,ГОСТ 7722-77,,8.0,,15.0,45.0,0.2,,Цилиндрическая,0.0,0.0,0.0,,
13342,2360-0200,8.5,,,58.0,115.0,6.0,,2,1.0,,,Развертка,ГОСТ 7722-77,,8.5,,15.0,45.0,0.2,,Цилиндрическая,0.0,0.0,0.0,,
13343,2360-0201,9.0,,,62.0,124.0,6.0,,2,1.0,,,Развертка,ГОСТ 7722-77,,9.0,,16.0,50.0,0.2,,Цилиндрическая,0.0,0.0,0.0,,
13344,2360-0202,9.5,,,62.0,124.0,6.0,,2,1.0,,,Развертка,ГОСТ 7722-77,,9.5,,16.0,50.0,0.2,,Цилиндрическая,0.0,0.0,0.0,,
13345,2360-0203,10.0,,,66.0,133.0,6.0,,2,1.0,,,Развертка,ГОСТ 7722-77,,10.0,,16.0,50.0,0.2,,Цилиндрическая,0.0,0.0,0.0,,
13346,2360-0204,10.5,,,66.0,133.0,8.0,,2,1.0,,,Развертка,ГОСТ 7722-77,,10.5,,16.0,50.0,0.2,,Цилиндрическая,0.0,0.0,0.0,,
13347,2360-0205,11.0,,,71.0,142.0,8.0,,2,1.0,,,Развертка,ГОСТ 7722-77,,11.0,,18.0,55.0,0.2,,Цилиндрическая,0.0,0.0,0.0,,
13348,2360-0206,11.5,,,71.0,142.0,8.0,,2,1.0,,,Развертка,ГОСТ 7722-77,,11.5,,18.0,55.0,0.2,,Цилиндрическая,0.0,0.0,0.0,,
13349,2360-0207,12.0,,,76.0,152.0,8.0,,2,1.0,,,Развертка,ГОСТ 7722-77,,12.0,,18.0,60.0,0.2,,Цилиндрическая,0.0,0.0,0.0,,
13350,2360-0208,13.0,,,76.0,152.0,8.0,,2,1.0,,,Развертка,ГОСТ 7722-77,,13.0,,18.0,60.0,0.2,,Цилиндрическая,0.0,0.0,0.0,,
13351,2360-0209,14.0,,,81.0,163.0,8.0,,2,1.0,,,Развертка,ГОСТ 7722-77,,14.0,,21.0,65.0,0.2,,Цилиндрическая,0.0,0.0,0.0,,
13352,2360-0210,15.0,,,81.0,163.0,8.0,,2,1.0,,,Развертка,ГОСТ 7722-77,,15.0,,21.0,65.0,0.2,,Цилиндрическая,0.0,0.0,0.0,,
13353,2360-0211,16.0,,,87.0,175.0,8.0,,2,1.0,,,Развертка,ГОСТ 7722-77,,16.0,,21.0,70.0,0.2,,Цилиндрическая,0.0,0.0,0.0,,
13354,2360-0212,17.0,,,87.0,175.0,8.0,,2,1.0,,,Развертка,ГОСТ 7722-77,,17.0,,23.0,70.0,0.2,,Цилиндрическая,0.0,0.0,0.0,,
13355,2360-0213,18.0,,,93.0,188.0,8.0,,2,1.0,,,Развертка,ГОСТ 7722-77,,18.0,,23.0,80.0,0.2,,Цилиндрическая,0.0,0.0,0.0,,
13356,2360-0214,19.0,,,93.0,188.0,8.0,,2,1.0,,,Развертка,ГОСТ 7722-77,,19.0,,23.0,80.0,0.2,,Цилиндрическая,0.0,0.0,0.0,,
13357,2360-0215,20.0,,,100.0,201.0,8.0,,2,1.0,,,Развертка,ГОСТ 7722-77,,20.0,,26.0,80.0,0.2,,Цилиндрическая,0.0,0.0,0.0,,
13358,2360-0216,21.0,,,100.0,201.0,8.0,,2,1.0,,,Развертка,ГОСТ 7722-77,,21.0,,26.0,80.0,0.2,,Цилиндрическая,0.0,0.0,0.0,,
13359,2360-0217,22.0,,,107.0,215.0,8.0,,2,1.0,,,Развертка,ГОСТ 7722-77,,22.0,,26.0,90.0,0.2,,Цилиндрическая,0.0,0.0,0.0,,
13360,2360-0218,23.0,,,107.0,215.0,8.0,,2,1.0,,,Развертка,ГОСТ 7722-77,,23.0,,28.0,90.0,0.2,,Цилиндрическая,0.0,0.0,0.0,,
13361,2360-0219,24.0,,,115.0,231.0,8.0,,2,1.0,,,Развертка,ГОСТ 7722-77,,24.0,,28.0,90.0,0.2,,Цилиндрическая,0.0,0.0,0.0,,
13362,2360-0220,25.0,,,115.0,231.0,8.0,,2,1.0,,,Развертка,ГОСТ 7722-77,,25.0,,28.0,90.0,0.2,,Цилиндрическая,0.0,0.0,0.0,,
13363,2360-0221,26.0,,,115.0,231.0,8.0,,2,1.0,,,Развертка,ГОСТ 7722-77,,26.0,,31.0,90.0,0.2,,Цилиндрическая,0.0,0.0,0.0,,
13364,2360-0222,27.0,,,124.0,247.0,8.0,,2,1.0,,,Развертка,ГОСТ 7722-77,,27.0,,31.0,100.0,0.2,,Цилиндрическая,0.0,0.0,0.0,,
13365,2360-0223,28.0,,,124.0,247.0,8.0,,2,1.0,,,Развертка,ГОСТ 7722-77,,28.0,,31.0,100.0,0.2,,Цилиндрическая,0.0,0.0,0.0,,
13366,2360-0224,30.0,,,124.0,247.0,10.0,,2,1.0,,,Развертка,ГОСТ 7722-77,,30.0,,35.0,100.0,0.2,,Цилиндрическая,0.0,0.0,0.0,,
13367,2360-0225,32.0,,,133.0,265.0,10.0,,2,1.0,,,Развертка,ГОСТ 7722-77,,32.0,,35.0,110.0,0.2,,Цилиндрическая,0.0,0.0,0.0,,
13368,2360-0226,34.0,,,142.0,284.0,10.0,,2,1.0,,,Развертка,ГОСТ 7722-77,,34.0,,38.0,120.0,0.2,,Цилиндрическая,0.0,0.0,0.0,,
13369,2360-0227,35.0,,,142.0,284.0,10.0,,2,1.0,,,Развертка,ГОСТ 7722-77,,35.0,,38.0,120.0,0.2,,Цилиндрическая,0.0,0.0,0.0,,
13370,2360-0228,36.0,,,142.0,284.0,10.0,,2,1.0,,,Развертка,ГОСТ 7722-77,,36.0,,38.0,120.0,0.2,,Цилиндрическая,0.0,0.0,0.0,,
13371,2360-0229,37.0,,,152.0,305.0,12.0,,2,1.0,,,Развертка,ГОСТ 7722-77,,37.0,,38.0,125.0,0.2,,Цилиндрическая,0.0,0.0,0.0,,
13372,2360-0230,38.0,,,152.0,305.0,12.0,,2,1.0,,,Развертка,ГОСТ 7722-77,,38.0,,38.0,125.0,0.2,,Цилиндрическая,0.0,0.0,0.0,,
13373,2360-0231,40.0,,,152.0,305.0,12.0,,2,1.0,,,Развертка,ГОСТ 7722-77,,40.0,,42.0,125.0,0.2,,Цилиндрическая,0.0,0.0,0.0,,
13374,2360-0232,42.0,,,152.0,305.0,12.0,,2,1.0,,,Развертка,ГОСТ 7722-77,,42.0,,42.0,125.0,0.2,,Цилиндрическая,0.0,0.0,0.0,,
13375,2360-0233,44.0,,,163.0,326.0,12.0,,2,1.0,,,Развертка,ГОСТ 7722-77,,44.0,,47.0,130.0,0.2,,Цилиндрическая,0.0,0.0,0.0,,
13376,2360-0234,45.0,,,163.0,326.0,12.0,,2,1.0,,,Развертка,ГОСТ 7722-77,,45.0,,47.0,130.0,0.2,,Цилиндрическая,0.0,0.0,0.0,,
13377,2360-0235,46.0,,,163.0,326.0,12.0,,2,1.0,,,Развертка,ГОСТ 7722-77,,46.0,,47.0,130.0,0.2,,Цилиндрическая,0.0,0.0,0.0,,
13378,2360-0236,47.0,,,163.0,326.0,12.0,,2,1.0,,,Развертка,ГОСТ 7722-77,,47.0,,47.0,130.0,0.2,,Цилиндрическая,0.0,0.0,0.0,,
13379,2360-0237,48.0,,,174.0,347.0,12.0,,2,1.0,,,Развертка,ГОСТ 7722-77,,48.0,,47.0,135.0,0.2,,Цилиндрическая,0.0,0.0,0.0,,
13380,2360-0238,50.0,,,174.0,347.0,12.0,,2,1.0,,,Развертка,ГОСТ 7722-77,,50.0,,47.0,135.0,0.2,,Цилиндрическая,0.0,0.0,0.0,,
13381,2360-0239,52.0,,,174.0,347.0,12.0,,2,1.0,,,Развертка,ГОСТ 7722-77,,52.0,,52.0,135.0,0.2,,Цилиндрическая,0.0,0.0,0.0,,
13382,2360-0240,55.0,,,184.0,367.0,12.0,,2,1.0,,,Развертка,ГОСТ 7722-77,,55.0,,52.0,145.0,0.2,,Цилиндрическая,0.0,0.0,0.0,,
13383,2360-0241,56.0,,,184.0,367.0,12.0,,2,1.0,,,Развертка,ГОСТ 7722-77,,56.0,,52.0,145.0,0.2,,Цилиндрическая,0.0,0.0,0.0,,
13384,2360-0242,58.0,,,184.0,367.0,12.0,,2,1.0,,,Развертка,ГОСТ 7722-77,,58.0,,52.0,145.0,0.2,,Цилиндрическая,0.0,0.0,0.0,,
13385,2360-0243,60.0,,,184.0,367.0,12.0,,2,1.0,,,Развертка,ГОСТ 7722-77,,60.0,,52.0,145.0,0.2,,Цилиндрическая,0.0,0.0,0.0,,
13386,2360-0244,62.0,,,194.0,387.0,12.0,,2,1.0,,,Развертка,ГОСТ 7722-77,,62.0,,57.0,150.0,0.2,,Цилиндрическая,0.0,0.0,0.0,,
13387,2360-0245,63.0,,,194.0,387.0,12.0,,2,1.0,,,Развертка,ГОСТ 7722-77,,63.0,,57.0,150.0,0.2,,Цилиндрическая,0.0,0.0,0.0,,
13388,2360-0246,67.0,,,194.0,387.0,12.0,,2,1.0,,,Развертка,ГОСТ 7722-77,,67.0,,57.0,150.0,0.2,,Цилиндрическая,0.0,0.0,0.0,,
13389,2360-0247,71.0,,,203.0,406.0,12.0,,2,1.0,,,Развертка,ГОСТ 7722-77,,71.0,,57.0,160.0,0.2,,Цилиндрическая,0.0,0.0,0.0,,
13390,2363-2051,10.0,,,16.0,140.0,4.0,1.0,1,45.0,"0,1,2,3,5,6,7",Тип 1,Развертка,ГОСТ 28321-89,,,,,,0.2,,Цилиндрическая,0.0,0.0,0.0,,
13391,2363-2052,11.0,,,16.0,140.0,4.0,1.0,1,45.0,"0,1,2,3,5,6,7",Тип 1,Развертка,ГОСТ 28321-89,,,,,,0.2,,Цилиндрическая,0.0,0.0,0.0,,
13392,2363-2053,12.0,,,16.0,150.0,4.0,1.0,1,45.0,"0,1,2,3,5,6,7",Тип 1,Развертка,ГОСТ 28321-89,,,,,,0.2,,Цилиндрическая,0.0,0.0,0.0,,
13393,2363-2054,13.0,,,16.0,150.0,4.0,1.0,1,45.0,"0,1,2,3,5,6,7",Тип 1,Развертка,ГОСТ 28321-89,,,,,,0.2,,Цилиндрическая,0.0,0.0,0.0,,
13394,2363-2055,14.0,,,16.0,160.0,4.0,1.0,1,45.0,"0,1,2,3,5,6,7",Тип 1,Развертка,ГОСТ 28321-89,,,,,,0.2,,Цилиндрическая,0.0,0.0,0.0,,
13395,2363-2056,15.0,,,16.0,160.0,4.0,1.0,1,45.0,"0,1,2,3,5,6,7",Тип 1,Развертка,ГОСТ 28321-89,,,,,,0.2,,Цилиндрическая,0.0,0.0,0.0,,
13396,2363-2057,16.0,,,19.0,170.0,6.0,2.0,1,45.0,"0,1,2,3,5,6,7",Тип 1,Развертка,ГОСТ 28321-89,,,,,,0.2,,Цилиндрическая,0.0,0.0,0.0,,
13397,2363-2058,17.0,,,19.0,170.0,6.0,2.0,1,45.0,"0,1,2,3,5,6,7",Тип 1,Развертка,ГОСТ 28321-89,,,,,,0.2,,Цилиндрическая,0.0,0.0,0.0,,
13398,2363-2059,18.0,,,19.0,180.0,6.0,2.0,1,45.0,"0,1,2,3,5,6,7",Тип 1,Развертка,ГОСТ 28321-89,,,,,,0.2,,Цилиндрическая,0.0,0.0,0.0,,
13399,2363-2060,19.0,,,19.0,190.0,6.0,2.0,1,45.0,"0,1,2,3,5,6,7",Тип 1,Развертка,ГОСТ 28321-89,,,,,,0.2,,Цилиндрическая,0.0,0.0,0.0,,
13400,2363-2061,20.0,,,19.0,190.0,6.0,2.0,1,45.0,"0,1,2,3,5,6,7",Тип 1,Развертка,ГОСТ 28321-89,,,,,,0.2,,Цилиндрическая,0.0,0.0,0.0,,
13401,2363-2062,21.0,,,19.0,190.0,6.0,2.0,1,45.0,"0,1,2,3,5,6,7",Тип 1,Развертка,ГОСТ 28321-89,,,,,,0.2,,Цилиндрическая,0.0,0.0,0.0,,
13402,2363-2063,22.0,,,19.0,200.0,6.0,2.0,1,45.0,"0,1,2,3,5,6,7",Тип 1,Развертка,ГОСТ 28321-89,,,,,,0.2,,Цилиндрическая,0.0,0.0,0.0,,
13403,2363-2065,24.0,,,19.0,210.0,6.0,3.0,1,45.0,"0,1,2,3,5,6,7",Тип 1,Развертка,ГОСТ 28321-89,,,,,,0.2,,Цилиндрическая,0.0,0.0,0.0,,
13404,2363-2066,25.0,,,19.0,220.0,6.0,3.0,1,45.0,"0,1,2,3,5,6,7",Тип 1,Развертка,ГОСТ 28321-89,,,,,,0.2,,Цилиндрическая,0.0,0.0,0.0,,
13405,2363-2067,26.0,,,22.0,220.0,6.0,3.0,1,45.0,"0,1,2,3,5,6,7",Тип 1,Развертка,ГОСТ 28321-89,,,,,,0.2,,Цилиндрическая,0.0,0.0,0.0,,
13406,2363-2068,27.0,,,22.0,220.0,6.0,3.0,1,45.0,"0,1,2,3,5,6,7",Тип 1,Развертка,ГОСТ 28321-89,,,,,,0.2,,Цилиндрическая,0.0,0.0,0.0,,
13407,2363-2069,28.0,,,22.0,240.0,6.0,3.0,1,45.0,"0,1,2,3,5,6,7",Тип 1,Развертка,ГОСТ 28321-89,,,,,,0.2,,Цилиндрическая,0.0,0.0,0.0,,
13408,2363-2072,10.0,,,16.0,140.0,4.0,1.0,1,5.0,"0,1,2,3,5,6,7",Тип 1,Развертка,ГОСТ 28321-89,,,,,,0.2,,Цилиндрическая,0.0,0.0,0.0,,
13409,2363-2073,10.0,,,16.0,140.0,4.0,1.0,1,15.0,"0,1,2,3,5,6,7",Тип 1,Развертка,ГОСТ 28321-89,,,,,,0.2,,Цилиндрическая,0.0,0.0,0.0,,
13410,2363-2077,11.0,,,16.0,140.0,4.0,1.0,1,5.0,"0,1,2,3,5,6,7",Тип 1,Развертка,ГОСТ 28321-89,,,,,,0.2,,Цилиндрическая,0.0,0.0,0.0,,
13411,2363-2078,11.0,,,16.0,140.0,4.0,1.0,1,15.0,"0,1,2,3,5,6,7",Тип 1,Развертка,ГОСТ 28321-89,,,,,,0.2,,Цилиндрическая,0.0,0.0,0.0,,
13412,2363-2082,12.0,,,16.0,150.0,4.0,1.0,1,5.0,"0,1,2,3,5,6,7",Тип 1,Развертка,ГОСТ 28321-89,,,,,,0.2,,Цилиндрическая,0.0,0.0,0.0,,
13413,2363-2083,12.0,,,16.0,150.0,4.0,1.0,1,15.0,"0,1,2,3,5,6,7",Тип 1,Развертка,ГОСТ 28321-89,,,,,,0.2,,Цилиндрическая,0.0,0.0,0.0,,
13414,2363-2084,13.0,,,16.0,150.0,4.0,1.0,1,5.0,"0,1,2,3,5,6,7",Тип 1,Развертка,ГОСТ 28321-89,,,,,,0.2,,Цилиндрическая,0.0,0.0,0.0,,
13415,2363-2085,13.0,,,16.0,150.0,4.0,1.0,1,15.0,"0,1,2,3,5,6,7",Тип 1,Развертка,ГОСТ 28321-89,,,,,,0.2,,Цилиндрическая,0.0,0.0,0.0,,
13416,2363-2086,14.0,,,16.0,160.0,4.0,1.0,1,5.0,"0,1,2,3,5,6,7",Тип 1,Развертка,ГОСТ 28321-89,,,,,,0.2,,Цилиндрическая,0.0,0.0,0.0,,
13417,2363-2087,14.0,,,16.0,160.0,4.0,1.0,1,15.0,"0,1,2,3,5,6,7",Тип 1,Развертка,ГОСТ 28321-89,,,,,,0.2,,Цилиндрическая,0.0,0.0,0.0,,
13418,2363-2088,15.0,,,16.0,160.0,4.0,1.0,1,5.0,"0,1,2,3,5,6,7",Тип 1,Развертка,ГОСТ 28321-89,,,,,,0.2,,Цилиндрическая,0.0,0.0,0.0,,
13419,2363-2089,15.0,,,16.0,160.0,4.0,1.0,1,15.0,"0,1,2,3,5,6,7",Тип 1,Развертка,ГОСТ 28321-89,,,,,,0.2,,Цилиндрическая,0.0,0.0,0.0,,
13420,2363-2090,16.0,,,19.0,170.0,6.0,2.0,1,5.0,"0,1,2,3,5,6,7",Тип 1,Развертка,ГОСТ 28321-89,,,,,,0.2,,Цилиндрическая,0.0,0.0,0.0,,
13421,2363-2091,16.0,,,19.0,170.0,6.0,2.0,1,15.0,"0,1,2,3,5,6,7",Тип 1,Развертка,ГОСТ 28321-89,,,,,,0.2,,Цилиндрическая,0.0,0.0,0.0,,
13422,2363-2092,17.0,,,19.0,170.0,6.0,2.0,1,5.0,"0,1,2,3,5,6,7",Тип 1,Развертка,ГОСТ 28321-89,,,,,,0.2,,Цилиндрическая,0.0,0.0,0.0,,
13423,2363-2093,17.0,,,19.0,170.0,6.0,2.0,1,15.0,"0,1,2,3,5,6,7",Тип 1,Развертка,ГОСТ 28321-89,,,,,,0.2,,Цилиндрическая,0.0,0.0,0.0,,
13424,2363-2094,18.0,,,19.0,180.0,6.0,2.0,1,5.0,"0,1,2,3,5,6,7",Тип 1,Развертка,ГОСТ 28321-89,,,,,,0.2,,Цилиндрическая,0.0,0.0,0.0,,
13425,2363-2095,18.0,,,19.0,180.0,6.0,2.0,1,15.0,"0,1,2,3,5,6,7",Тип 1,Развертка,ГОСТ 28321-89,,,,,,0.2,,Цилиндрическая,0.0,0.0,0.0,,
13426,2363-2096,19.0,,,19.0,190.0,6.0,2.0,1,5.0,"0,1,2,3,5,6,7",Тип 1,Развертка,ГОСТ 28321-89,,,,,,0.2,,Цилиндрическая,0.0,0.0,0.0,,
13427,2363-2097,19.0,,,19.0,190.0,6.0,2.0,1,15.0,"0,1,2,3,5,6,7",Тип 1,Развертка,ГОСТ 28321-89,,,,,,0.2,,Цилиндрическая,0.0,0.0,0.0,,
13428,2363-2098,20.0,,,19.0,190.0,6.0,2.0,1,5.0,"0,1,2,3,5,6,7",Тип 1,Развертка,ГОСТ 28321-89,,,,,,0.2,,Цилиндрическая,0.0,0.0,0.0,,
13429,2363-2099,20.0,,,19.0,190.0,6.0,2.0,1,15.0,"0,1,2,3,5,6,7",Тип 1,Развертка,ГОСТ 28321-89,,,,,,0.2,,Цилиндрическая,0.0,0.0,0.0,,
13430,2363-2101,34.0,13.0,21.0,36.0,22.0,6.0,,1,45.0,"0,1,2,3,5,6,7",Тип 2,Развертка,ГОСТ 28321-89,,,,45.0,,0.2,,Цилиндрическая,0.0,0.0,0.0,,не менее
13431,2363-2102,35.0,13.0,21.0,36.0,22.0,6.0,,1,45.0,"0,1,2,3,5,6,7",Тип 2,Развертка,ГОСТ 28321-89,,,,45.0,,0.2,,Цилиндрическая,0.0,0.0,0.0,,не менее
13432,2363-2103,36.0,16.0,27.0,40.0,22.0,8.0,,1,45.0,"0,1,2,3,5,6,7",Тип 2,Развертка,ГОСТ 28321-89,,,,50.0,,0.2,,Цилиндрическая,0.0,0.0,0.0,,не менее
13433,2363-2105,38.0,16.0,27.0,40.0,22.0,8.0,,1,45.0,"0,1,2,3,5,6,7",Тип 2,Развертка,ГОСТ 28321-89,,,,50.0,,0.2,,Цилиндрическая,0.0,0.0,0.0,,не менее
13434,2363-2106,40.0,16.0,27.0,40.0,22.0,8.0,,1,45.0,"0,1,2,3,5,6,7",Тип 2,Развертка,ГОСТ 28321-89,,,,50.0,,0.2,,Цилиндрическая,0.0,0.0,0.0,,не менее
13435,2363-2107,42.0,16.0,27.0,40.0,22.0,10.0,,1,45.0,"0,1,2,3,5,6,7",Тип 2,Развертка,ГОСТ 28321-89,,,,50.0,,0.2,,Цилиндрическая,0.0,0.0,0.0,,не менее
13436,2363-2108,45.0,16.0,27.0,40.0,22.0,10.0,,1,45.0,"0,1,2,3,5,6,7",Тип 2,Развертка,ГОСТ 28321-89,,,,50.0,,0.2,,Цилиндрическая,0.0,0.0,0.0,,не менее
13437,2363-2110,48.0,19.0,32.0,45.0,25.0,10.0,,1,45.0,"0,1,2,3,5,6,7",Тип 2,Развертка,ГОСТ 28321-89,,,,56.0,,0.2,,Цилиндрическая,0.0,0.0,0.0,,не менее
13438,2363-2111,50.0,19.0,32.0,45.0,25.0,10.0,,1,45.0,"0,1,2,3,5,6,7",Тип 2,Развертка,ГОСТ 28321-89,,,,56.0,,0.2,,Цилиндрическая,0.0,0.0,0.0,,не менее
13439,2363-2112,32.0,13.0,21.0,36.0,22.0,6.0,,1,5.0,"0,1,2,3,5,6,7",Тип 2,Развертка,ГОСТ 28321-89,,,,45.0,,0.2,,Цилиндрическая,0.0,0.0,0.0,,не менее
13440,2363-2113,32.0,13.0,21.0,36.0,22.0,6.0,,1,15.0,"0,1,2,3,5,6,7",Тип 2,Развертка,ГОСТ 28321-89,,,,45.0,,0.2,,Цилиндрическая,0.0,0.0,0.0,,не менее
13441,2363-2114,32.0,13.0,21.0,36.0,22.0,6.0,,1,45.0,"0,1,2,3,5,6,7",Тип 2,Развертка,ГОСТ 28321-89,,,,45.0,,0.2,,Цилиндрическая,0.0,0.0,0.0,,не менее
13442,2363-2115,34.0,13.0,21.0,36.0,22.0,6.0,,1,5.0,"0,1,2,3,5,6,7",Тип 2,Развертка,ГОСТ 28321-89,,,,45.0,,0.2,,Цилиндрическая,0.0,0.0,0.0,,не менее
13443,2363-2116,34.0,13.0,21.0,36.0,22.0,6.0,,1,15.0,"0,1,2,3,5,6,7",Тип 2,Развертка,ГОСТ 28321-89,,,,45.0,,0.2,,Цилиндрическая,0.0,0.0,0.0,,не менее
13444,2363-2117,35.0,13.0,21.0,36.0,22.0,6.0,,1,5.0,"0,1,2,3,5,6,7",Тип 2,Развертка,ГОСТ 28321-89,,,,45.0,,0.2,,Цилиндрическая,0.0,0.0,0.0,,не менее
13445,2363-2118,35.0,13.0,21.0,36.0,22.0,6.0,,1,15.0,"0,1,2,3,5,6,7",Тип 2,Развертка,ГОСТ 28321-89,,,,45.0,,0.2,,Цилиндрическая,0.0,0.0,0.0,,не менее
13446,2363-2119,36.0,16.0,27.0,40.0,22.0,8.0,,1,5.0,"0,1,2,3,5,6,7",Тип 2,Развертка,ГОСТ 28321-89,,,,50.0,,0.2,,Цилиндрическая,0.0,0.0,0.0,,не менее
13447,2363-2120,36.0,16.0,27.0,40.0,22.0,8.0,,1,15.0,"0,1,2,3,5,6,7",Тип 2,Развертка,ГОСТ 28321-89,,,,50.0,,0.2,,Цилиндрическая,0.0,0.0,0.0,,не менее
13448,2363-2123,38.0,16.0,27.0,40.0,22.0,8.0,,1,5.0,"0,1,2,3,5,6,7",Тип 2,Развертка,ГОСТ 28321-89,,,,50.0,,0.2,,Цилиндрическая,0.0,0.0,0.0,,не менее
13449,2363-2124,38.0,16.0,27.0,40.0,22.0,8.0,,1,15.0,"0,1,2,3,5,6,7",Тип 2,Развертка,ГОСТ 28321-89,,,,50.0,,0.2,,Цилиндрическая,0.0,0.0,0.0,,не менее
13450,2363-2125,40.0,16.0,27.0,40.0,22.0,8.0,,1,5.0,"0,1,2,3,5,6,7",Тип 2,Развертка,ГОСТ 28321-89,,,,50.0,,0.2,,Цилиндрическая,0.0,0.0,0.0,,не менее
13451,2363-2126,40.0,16.0,27.0,40.0,22.0,8.0,,1,15.0,"0,1,2,3,5,6,7",Тип 2,Развертка,ГОСТ 28321-89,,,,50.0,,0.2,,Цилиндрическая,0.0,0.0,0.0,,не менее
13452,2363-2127,42.0,16.0,27.0,40.0,22.0,10.0,,1,5.0,"0,1,2,3,5,6,7",Тип 2,Развертка,ГОСТ 28321-89,,,,50.0,,0.2,,Цилиндрическая,0.0,0.0,0.0,,не менее
13453,2363-2128,42.0,16.0,27.0,40.0,22.0,10.0,,1,15.0,"0,1,2,3,5,6,7",Тип 2,Развертка,ГОСТ 28321-89,,,,50.0,,0.2,,Цилиндрическая,0.0,0.0,0.0,,не менее
13454,2363-2129,45.0,16.0,27.0,40.0,22.0,10.0,,1,5.0,"0,1,2,3,5,6,7",Тип 2,Развертка,ГОСТ 28321-89,,,,50.0,,0.2,,Цилиндрическая,0.0,0.0,0.0,,не менее
13455,2363-2130,45.0,16.0,27.0,40.0,22.0,10.0,,1,15.0,"0,1,2,3,5,6,7",Тип 2,Развертка,ГОСТ 28321-89,,,,50.0,,0.2,,Цилиндрическая,0.0,0.0,0.0,,не менее
13456,2363-2133,48.0,19.0,32.0,45.0,25.0,10.0,,1,5.0,"0,1,2,3,5,6,7",Тип 2,Развертка,ГОСТ 28321-89,,,,56.0,,0.2,,Цилиндрическая,0.0,0.0,0.0,,не менее
13457,2363-2134,48.0,19.0,32.0,45.0,25.0,10.0,,1,15.0,"0,1,2,3,5,6,7",Тип 2,Развертка,ГОСТ 28321-89,,,,56.0,,0.2,,Цилиндрическая,0.0,0.0,0.0,,не менее
13458,2363-2135,50.0,19.0,32.0,45.0,25.0,10.0,,1,5.0,"0,1,2,3,5,6,7",Тип 2,Развертка,ГОСТ 28321-89,,,,56.0,,0.2,,Цилиндрическая,0.0,0.0,0.0,,не менее
13459,2363-2136,50.0,19.0,32.0,45.0,25.0,10.0,,1,15.0,"0,1,2,3,5,6,7",Тип 2,Развертка,ГОСТ 28321-89,,,,56.0,,0.2,,Цилиндрическая,0.0,0.0,0.0,,не менее
13460,2363-2137,44.0,16.0,27.0,40.0,22.0,10.0,,1,5.0,"0,1,2,3,5,6,7",Тип 2,Развертка,ГОСТ 28321-89,,,,50.0,,0.2,,Цилиндрическая,0.0,0.0,0.0,,не менее
13461,2363-2138,44.0,16.0,27.0,40.0,22.0,10.0,,1,15.0,"0,1,2,3,5,6,7",Тип 2,Развертка,ГОСТ 28321-89,,,,50.0,,0.2,,Цилиндрическая,0.0,0.0,0.0,,не менее
13462,2363-2139,44.0,16.0,27.0,40.0,22.0,10.0,,1,45.0,"0,1,2,3,5,6,7",Тип 2,Развертка,ГОСТ 28321-89,,,,50.0,,0.2,,Цилиндрическая,0.0,0.0,0.0,,не менее
13463,2363-2141,46.0,19.0,32.0,45.0,25.0,10.0,,1,5.0,"0,1,2,3,5,6,7",Тип 2,Развертка,ГОСТ 28321-89,,,,56.0,,0.2,,Цилиндрическая,0.0,0.0,0.0,,не менее
13464,2363-2142,46.0,19.0,32.0,45.0,25.0,10.0,,1,15.0,"0,1,2,3,5,6,7",Тип 2,Развертка,ГОСТ 28321-89,,,,56.0,,0.2,,Цилиндрическая,0.0,0.0,0.0,,не менее
13465,2363-2143,46.0,19.0,32.0,45.0,25.0,10.0,,1,45.0,"0,1,2,3,5,6,7",Тип 2,Развертка,ГОСТ 28321-89,,,,56.0,,0.2,,Цилиндрическая,0.0,0.0,0.0,,не менее
13466,2363-2150,21.0,,,19.0,190.0,6.0,2.0,1,5.0,"0,1,2,3,5,6,7",Тип 1,Развертка,ГОСТ 28321-89,,,,,,0.2,,Цилиндрическая,0.0,0.0,0.0,,
13467,2363-2151,21.0,,,19.0,190.0,6.0,2.0,1,15.0,"0,1,2,3,5,6,7",Тип 1,Развертка,ГОСТ 28321-89,,,,,,0.2,,Цилиндрическая,0.0,0.0,0.0,,
13468,2363-2152,22.0,,,19.0,200.0,6.0,2.0,1,5.0,"0,1,2,3,5,6,7",Тип 1,Развертка,ГОСТ 28321-89,,,,,,0.2,,Цилиндрическая,0.0,0.0,0.0,,
13469,2363-2153,22.0,,,19.0,200.0,6.0,2.0,1,15.0,"0,1,2,3,5,6,7",Тип 1,Развертка,ГОСТ 28321-89,,,,,,0.2,,Цилиндрическая,0.0,0.0,0.0,,
13470,2363-2154,24.0,,,19.0,210.0,6.0,3.0,1,5.0,"0,1,2,3,5,6,7",Тип 1,Развертка,ГОСТ 28321-89,,,,,,0.2,,Цилиндрическая,0.0,0.0,0.0,,
13471,2363-2155,24.0,,,19.0,210.0,6.0,3.0,1,15.0,"0,1,2,3,5,6,7",Тип 1,Развертка,ГОСТ 28321-89,,,,,,0.2,,Цилиндрическая,0.0,0.0,0.0,,
13472,2363-2156,25.0,,,19.0,220.0,6.0,3.0,1,5.0,"0,1,2,3,5,6,7",Тип 1,Развертка,ГОСТ 28321-89,,,,,,0.2,,Цилиндрическая,0.0,0.0,0.0,,
13473,2363-2157,25.0,,,19.0,220.0,6.0,3.0,1,15.0,"0,1,2,3,5,6,7",Тип 1,Развертка,ГОСТ 28321-89,,,,,,0.2,,Цилиндрическая,0.0,0.0,0.0,,
13474,2363-2158,26.0,,,22.0,220.0,6.0,3.0,1,5.0,"0,1,2,3,5,6,7",Тип 1,Развертка,ГОСТ 28321-89,,,,,,0.2,,Цилиндрическая,0.0,0.0,0.0,,
13475,2363-2159,26.0,,,22.0,220.0,6.0,3.0,1,15.0,"0,1,2,3,5,6,7",Тип 1,Развертка,ГОСТ 28321-89,,,,,,0.2,,Цилиндрическая,0.0,0.0,0.0,,
13476,2363-2160,27.0,,,22.0,220.0,6.0,3.0,1,5.0,"0,1,2,3,5,6,7",Тип 1,Развертка,ГОСТ 28321-89,,,,,,0.2,,Цилиндрическая,0.0,0.0,0.0,,
13477,2363-2161,27.0,,,22.0,220.0,6.0,3.0,1,15.0,"0,1,2,3,5,6,7",Тип 1,Развертка,ГОСТ 28321-89,,,,,,0.2,,Цилиндрическая,0.0,0.0,0.0,,
13478,2363-2162,28.0,,,22.0,240.0,6.0,3.0,1,5.0,"0,1,2,3,5,6,7",Тип 1,Развертка,ГОСТ 28321-89,,,,,,0.2,,Цилиндрическая,0.0,0.0,0.0,,
13479,2363-2163,28.0,,,22.0,240.0,6.0,3.0,1,15.0,"0,1,2,3,5,6,7",Тип 1,Развертка,ГОСТ 28321-89,,,,,,0.2,,Цилиндрическая,0.0,0.0,0.0,,
13480,2363-2221,10.0,,,16.0,140.0,4.0,1.0,2,15.0,"8,9,10,12",Тип 1,Развертка,ГОСТ 28321-89,,,,,,0.2,,Цилиндрическая,0.0,0.0,0.0,,
13481,2363-2223,11.0,,,16.0,140.0,4.0,1.0,2,15.0,"8,9,10,15",Тип 1,Развертка,ГОСТ 28321-89,,,,,,0.2,,Цилиндрическая,0.0,0.0,0.0,,
13482,2363-2225,12.0,,,16.0,150.0,4.0,1.0,2,15.0,"8,9,10,18",Тип 1,Развертка,ГОСТ 28321-89,,,,,,0.2,,Цилиндрическая,0.0,0.0,0.0,,
13483,2363-2226,13.0,,,16.0,150.0,4.0,1.0,2,15.0,"8,9,10,21",Тип 1,Развертка,ГОСТ 28321-89,,,,,,0.2,,Цилиндрическая,0.0,0.0,0.0,,
13484,2363-2227,14.0,,,16.0,160.0,4.0,1.0,2,15.0,"8,9,10,24",Тип 1,Развертка,ГОСТ 28321-89,,,,,,0.2,,Цилиндрическая,0.0,0.0,0.0,,
13485,2363-2228,15.0,,,16.0,160.0,4.0,1.0,2,15.0,"8,9,10,27",Тип 1,Развертка,ГОСТ 28321-89,,,,,,0.2,,Цилиндрическая,0.0,0.0,0.0,,
13486,2363-2241,26.0,,,22.0,220.0,6.0,3.0,2,15.0,"8,9,10,60",Тип 1,Развертка,ГОСТ 28321-89,,,,,,0.2,,Цилиндрическая,0.0,0.0,0.0,,
13487,2363-2242,27.0,,,22.0,220.0,6.0,3.0,2,15.0,"8,9,10,63",Тип 1,Развертка,ГОСТ 28321-89,,,,,,0.2,,Цилиндрическая,0.0,0.0,0.0,,
13488,2363-2243,28.0,,,22.0,240.0,6.0,3.0,2,15.0,"8,9,10,66",Тип 1,Развертка,ГОСТ 28321-89,,,,,,0.2,,Цилиндрическая,0.0,0.0,0.0,,
13489,2363-2371,10.0,,,16.0,140.0,4.0,1.0,1,15.0,"8,9,10,12",Тип 1,Развертка,ГОСТ 28321-89,,,,,,0.2,,Цилиндрическая,0.0,0.0,0.0,,
13490,2363-2373,11.0,,,16.0,140.0,4.0,1.0,1,15.0,"8,9,10,15",Тип 1,Развертка,ГОСТ 28321-89,,,,,,0.2,,Цилиндрическая,0.0,0.0,0.0,,
13491,2363-2375,12.0,,,16.0,150.0,4.0,1.0,1,15.0,"8,9,10,18",Тип 1,Развертка,ГОСТ 28321-89,,,,,,0.2,,Цилиндрическая,0.0,0.0,0.0,,
13492,2363-2376,13.0,,,16.0,150.0,4.0,1.0,1,15.0,"8,9,10,21",Тип 1,Развертка,ГОСТ 28321-89,,,,,,0.2,,Цилиндрическая,0.0,0.0,0.0,,
13493,2363-2377,14.0,,,16.0,160.0,4.0,1.0,1,15.0,"8,9,10,24",Тип 1,Развертка,ГОСТ 28321-89,,,,,,0.2,,Цилиндрическая,0.0,0.0,0.0,,
13494,2363-2378,15.0,,,16.0,160.0,4.0,1.0,1,15.0,"8,9,10,27",Тип 1,Развертка,ГОСТ 28321-89,,,,,,0.2,,Цилиндрическая,0.0,0.0,0.0,,
13495,2363-2391,26.0,,,22.0,220.0,6.0,3.0,1,15.0,"8,9,10,60",Тип 1,Развертка,ГОСТ 28321-89,,,,,,0.2,,Цилиндрическая,0.0,0.0,0.0,,
13496,2363-2392,27.0,,,22.0,220.0,6.0,3.0,1,15.0,"8,9,10,63",Тип 1,Развертка,ГОСТ 28321-89,,,,,,0.2,,Цилиндрическая,0.0,0.0,0.0,,
13497,2363-2393,28.0,,,22.0,240.0,6.0,3.0,1,15.0,"8,9,10,66",Тип 1,Развертка,ГОСТ 28321-89,,,,,,0.2,,Цилиндрическая,0.0,0.0,0.0,,
13498,2363-3152,10.0,,,16.0,140.0,4.0,1.0,1,5.0,4,Тип 1,Развертка,ГОСТ 28321-89,,,,,,0.2,,Цилиндрическая,0.0,0.0,0.0,,
13499,2363-3152,10.0,,,16.0,140.0,4.0,1.0,3,5.0,4,Тип 1,Развертка,ГОСТ 28321-89,,,,,,0.2,,Цилиндрическая,0.0,0.0,0.0,,
13500,2363-3153,10.0,,,16.0,140.0,4.0,1.0,4,5.0,4,Тип 1,Развертка,ГОСТ 28321-89,,,,,,0.2,,Цилиндрическая,0.0,0.0,0.0,,
13501,2363-3154,10.0,,,16.0,140.0,4.0,1.0,3,15.0,4,Тип 1,Развертка,ГОСТ 28321-89,,,,,,0.2,,Цилиндрическая,0.0,0.0,0.0,,
13502,2363-3155,10.0,,,16.0,140.0,4.0,1.0,1,15.0,4,Тип 1,Развертка,ГОСТ 28321-89,,,,,,0.2,,Цилиндрическая,0.0,0.0,0.0,,
13503,2363-3156,10.0,,,16.0,140.0,4.0,1.0,4,15.0,4,Тип 1,Развертка,ГОСТ 28321-89,,,,,,0.2,,Цилиндрическая,0.0,0.0,0.0,,
13504,2363-3157,10.0,,,16.0,140.0,4.0,1.0,3,45.0,4,Тип 1,Развертка,ГОСТ 28321-89,,,,,,0.2,,Цилиндрическая,0.0,0.0,0.0,,
13505,2363-3158,10.0,,,16.0,140.0,4.0,1.0,1,45.0,4,Тип 1,Развертка,ГОСТ 28321-89,,,,,,0.2,,Цилиндрическая,0.0,0.0,0.0,,
13506,2363-3159,10.0,,,16.0,140.0,4.0,1.0,4,45.0,4,Тип 1,Развертка,ГОСТ 28321-89,,,,,,0.2,,Цилиндрическая,0.0,0.0,0.0,,
13507,2363-3669,11.0,,,16.0,140.0,4.0,1.0,1,5.0,4,Тип 1,Развертка,ГОСТ 28321-89,,,,,,0.2,,Цилиндрическая,0.0,0.0,0.0,,
13508,2363-3671,12.0,,,16.0,150.0,4.0,1.0,1,5.0,4,Тип 1,Развертка,ГОСТ 28321-89,,,,,,0.2,,Цилиндрическая,0.0,0.0,0.0,,
13509,2363-3672,13.0,,,16.0,150.0,4.0,1.0,1,5.0,4,Тип 1,Развертка,ГОСТ 28321-89,,,,,,0.2,,Цилиндрическая,0.0,0.0,0.0,,
13510,2363-3673,14.0,,,16.0,160.0,4.0,1.0,1,5.0,4,Тип 1,Развертка,ГОСТ 28321-89,,,,,,0.2,,Цилиндрическая,0.0,0.0,0.0,,
13511,2363-3674,15.0,,,16.0,160.0,4.0,1.0,1,5.0,4,Тип 1,Развертка,ГОСТ 28321-89,,,,,,0.2,,Цилиндрическая,0.0,0.0,0.0,,
13512,2363-3675,16.0,,,19.0,170.0,6.0,2.0,1,5.0,4,Тип 1,Развертка,ГОСТ 28321-89,,,,,,0.2,,Цилиндрическая,0.0,0.0,0.0,,
13513,2363-3676,17.0,,,19.0,170.0,6.0,2.0,1,5.0,4,Тип 1,Развертка,ГОСТ 28321-89,,,,,,0.2,,Цилиндрическая,0.0,0.0,0.0,,
13514,2363-3677,18.0,,,19.0,180.0,6.0,2.0,1,5.0,4,Тип 1,Развертка,ГОСТ 28321-89,,,,,,0.2,,Цилиндрическая,0.0,0.0,0.0,,
13515,2363-3678,19.0,,,19.0,190.0,6.0,2.0,1,5.0,4,Тип 1,Развертка,ГОСТ 28321-89,,,,,,0.2,,Цилиндрическая,0.0,0.0,0.0,,
13516,2363-3679,20.0,,,19.0,190.0,6.0,2.0,1,5.0,4,Тип 1,Развертка,ГОСТ 28321-89,,,,,,0.2,,Цилиндрическая,0.0,0.0,0.0,,
13517,2363-3681,21.0,,,19.0,190.0,6.0,2.0,1,5.0,4,Тип 1,Развертка,ГОСТ 28321-89,,,,,,0.2,,Цилиндрическая,0.0,0.0,0.0,,
13518,2363-3682,22.0,,,19.0,200.0,6.0,2.0,1,5.0,4,Тип 1,Развертка,ГОСТ 28321-89,,,,,,0.2,,Цилиндрическая,0.0,0.0,0.0,,
13519,2363-3683,23.0,,,19.0,200.0,6.0,2.0,1,5.0,4,Тип 1,Развертка,ГОСТ 28321-89,,,,,,0.2,,Цилиндрическая,0.0,0.0,0.0,,
13520,2363-3684,24.0,,,19.0,210.0,6.0,3.0,1,5.0,4,Тип 1,Развертка,ГОСТ 28321-89,,,,,,0.2,,Цилиндрическая,0.0,0.0,0.0,,
13521,2363-3685,25.0,,,19.0,220.0,6.0,3.0,1,5.0,4,Тип 1,Развертка,ГОСТ 28321-89,,,,,,0.2,,Цилиндрическая,0.0,0.0,0.0,,
13522,2363-3686,26.0,,,22.0,220.0,6.0,3.0,1,5.0,4,Тип 1,Развертка,ГОСТ 28321-89,,,,,,0.2,,Цилиндрическая,0.0,0.0,0.0,,
13523,2363-3687,27.0,,,22.0,220.0,6.0,3.0,1,5.0,4,Тип 1,Развертка,ГОСТ 28321-89,,,,,,0.2,,Цилиндрическая,0.0,0.0,0.0,,
13524,2363-3688,28.0,,,22.0,240.0,6.0,3.0,1,5.0,4,Тип 1,Развертка,ГОСТ 28321-89,,,,,,0.2,,Цилиндрическая,0.0,0.0,0.0,,
13525,2363-3692,11.0,,,16.0,140.0,4.0,1.0,1,15.0,4,Тип 1,Развертка,ГОСТ 28321-89,,,,,,0.2,,Цилиндрическая,0.0,0.0,0.0,,
13526,2363-3693,12.0,,,16.0,150.0,4.0,1.0,1,15.0,4,Тип 1,Развертка,ГОСТ 28321-89,,,,,,0.2,,Цилиндрическая,0.0,0.0,0.0,,
13527,2363-3694,13.0,,,16.0,150.0,4.0,1.0,1,15.0,4,Тип 1,Развертка,ГОСТ 28321-89,,,,,,0.2,,Цилиндрическая,0.0,0.0,0.0,,
13528,2363-3695,14.0,,,16.0,160.0,4.0,1.0,1,15.0,4,Тип 1,Развертка,ГОСТ 28321-89,,,,,,0.2,,Цилиндрическая,0.0,0.0,0.0,,
13529,2363-3696,15.0,,,16.0,160.0,4.0,1.0,1,15.0,4,Тип 1,Развертка,ГОСТ 28321-89,,,,,,0.2,,Цилиндрическая,0.0,0.0,0.0,,
13530,2363-3697,16.0,,,19.0,170.0,6.0,2.0,1,15.0,4,Тип 1,Развертка,ГОСТ 28321-89,,,,,,0.2,,Цилиндрическая,0.0,0.0,0.0,,
13531,2363-3698,17.0,,,19.0,170.0,6.0,2.0,1,15.0,4,Тип 1,Развертка,ГОСТ 28321-89,,,,,,0.2,,Цилиндрическая,0.0,0.0,0.0,,
13532,2363-3699,18.0,,,19.0,180.0,6.0,2.0,1,15.0,4,Тип 1,Развертка,ГОСТ 28321-89,,,,,,0.2,,Цилиндрическая,0.0,0.0,0.0,,
13533,2363-3701,19.0,,,19.0,190.0,6.0,2.0,1,15.0,4,Тип 1,Развертка,ГОСТ 28321-89,,,,,,0.2,,Цилиндрическая,0.0,0.0,0.0,,
13534,2363-3702,20.0,,,19.0,190.0,6.0,2.0,1,15.0,4,Тип 1,Развертка,ГОСТ 28321-89,,,,,,0.2,,Цилиндрическая,0.0,0.0,0.0,,
13535,2363-3703,21.0,,,19.0,190.0,6.0,2.0,1,15.0,4,Тип 1,Развертка,ГОСТ 28321-89,,,,,,0.2,,Цилиндрическая,0.0,0.0,0.0,,
13536,2363-3704,22.0,,,19.0,200.0,6.0,2.0,1,15.0,4,Тип 1,Развертка,ГОСТ 28321-89,,,,,,0.2,,Цилиндрическая,0.0,0.0,0.0,,
13537,2363-3705,23.0,,,19.0,200.0,6.0,2.0,1,15.0,4,Тип 1,Развертка,ГОСТ 28321-89,,,,,,0.2,,Цилиндрическая,0.0,0.0,0.0,,
13538,2363-3706,24.0,,,19.0,210.0,6.0,3.0,1,15.0,4,Тип 1,Развертка,ГОСТ 28321-89,,,,,,0.2,,Цилиндрическая,0.0,0.0,0.0,,
13539,2363-3707,25.0,,,19.0,220.0,6.0,3.0,1,15.0,4,Тип 1,Развертка,ГОСТ 28321-89,,,,,,0.2,,Цилиндрическая,0.0,0.0,0.0,,
13540,2363-3708,26.0,,,22.0,220.0,6.0,3.0,1,15.0,4,Тип 1,Развертка,ГОСТ 28321-89,,,,,,0.2,,Цилиндрическая,0.0,0.0,0.0,,
13541,2363-3709,27.0,,,22.0,220.0,6.0,3.0,1,15.0,4,Тип 1,Развертка,ГОСТ 28321-89,,,,,,0.2,,Цилиндрическая,0.0,0.0,0.0,,
13542,2363-3711,28.0,,,22.0,240.0,6.0,3.0,1,15.0,4,Тип 1,Развертка,ГОСТ 28321-89,,,,,,0.2,,Цилиндрическая,0.0,0.0,0.0,,
13543,2363-3714,11.0,,,16.0,140.0,4.0,1.0,1,45.0,4,Тип 1,Развертка,ГОСТ 28321-89,,,,,,0.2,,Цилиндрическая,0.0,0.0,0.0,,
13544,2363-3715,12.0,,,16.0,150.0,4.0,1.0,1,45.0,4,Тип 1,Развертка,ГОСТ 28321-89,,,,,,0.2,,Цилиндрическая,0.0,0.0,0.0,,
13545,2363-3716,13.0,,,16.0,150.0,4.0,1.0,1,45.0,4,Тип 1,Развертка,ГОСТ 28321-89,,,,,,0.2,,Цилиндрическая,0.0,0.0,0.0,,
13546,2363-3717,14.0,,,16.0,160.0,4.0,1.0,1,45.0,4,Тип 1,Развертка,ГОСТ 28321-89,,,,,,0.2,,Цилиндрическая,0.0,0.0,0.0,,
13547,2363-3718,15.0,,,16.0,160.0,4.0,1.0,1,45.0,4,Тип 1,Развертка,ГОСТ 28321-89,,,,,,0.2,,Цилиндрическая,0.0,0.0,0.0,,
13548,2363-3719,16.0,,,19.0,170.0,6.0,2.0,1,45.0,4,Тип 1,Развертка,ГОСТ 28321-89,,,,,,0.2,,Цилиндрическая,0.0,0.0,0.0,,
13549,2363-3721,17.0,,,19.0,170.0,6.0,2.0,1,45.0,4,Тип 1,Развертка,ГОСТ 28321-89,,,,,,0.2,,Цилиндрическая,0.0,0.0,0.0,,
13550,2363-3722,18.0,,,19.0,180.0,6.0,2.0,1,45.0,4,Тип 1,Развертка,ГОСТ 28321-89,,,,,,0.2,,Цилиндрическая,0.0,0.0,0.0,,
13551,2363-3723,19.0,,,19.0,190.0,6.0,2.0,1,45.0,4,Тип 1,Развертка,ГОСТ 28321-89,,,,,,0.2,,Цилиндрическая,0.0,0.0,0.0,,
13552,2363-3724,20.0,,,19.0,190.0,6.0,2.0,1,45.0,4,Тип 1,Развертка,ГОСТ 28321-89,,,,,,0.2,,Цилиндрическая,0.0,0.0,0.0,,
13553,2363-3725,21.0,,,19.0,190.0,6.0,2.0,1,45.0,4,Тип 1,Развертка,ГОСТ 28321-89,,,,,,0.2,,Цилиндрическая,0.0,0.0,0.0,,
13554,2363-3726,22.0,,,19.0,200.0,6.0,2.0,1,45.0,4,Тип 1,Развертка,ГОСТ 28321-89,,,,,,0.2,,Цилиндрическая,0.0,0.0,0.0,,
13555,2363-3727,23.0,,,19.0,200.0,6.0,2.0,1,45.0,4,Тип 1,Развертка,ГОСТ 28321-89,,,,,,0.2,,Цилиндрическая,0.0,0.0,0.0,,
13556,2363-3728,24.0,,,19.0,210.0,6.0,3.0,1,45.0,4,Тип 1,Развертка,ГОСТ 28321-89,,,,,,0.2,,Цилиндрическая,0.0,0.0,0.0,,
13557,2363-3729,25.0,,,19.0,220.0,6.0,3.0,1,45.0,4,Тип 1,Развертка,ГОСТ 28321-89,,,,,,0.2,,Цилиндрическая,0.0,0.0,0.0,,
13558,2363-3731,26.0,,,22.0,220.0,6.0,3.0,1,45.0,4,Тип 1,Развертка,ГОСТ 28321-89,,,,,,0.2,,Цилиндрическая,0.0,0.0,0.0,,
13559,2363-3732,27.0,,,22.0,220.0,6.0,3.0,1,45.0,4,Тип 1,Развертка,ГОСТ 28321-89,,,,,,0.2,,Цилиндрическая,0.0,0.0,0.0,,
13560,2363-3733,28.0,,,22.0,240.0,6.0,3.0,1,45.0,4,Тип 1,Развертка,ГОСТ 28321-89,,,,,,0.2,,Цилиндрическая,0.0,0.0,0.0,,
13561,2363-3736,23.0,,,19.0,200.0,6.0,2.0,1,5.0,"0,1,2,3,5,6,7",Тип 1,Развертка,ГОСТ 28321-89,,,,,,0.2,,Цилиндрическая,0.0,0.0,0.0,,
13562,2363-3737,23.0,,,19.0,200.0,6.0,2.0,1,15.0,"0,1,2,3,5,6,7",Тип 1,Развертка,ГОСТ 28321-89,,,,,,0.2,,Цилиндрическая,0.0,0.0,0.0,,
13563,2363-3738,23.0,,,19.0,200.0,6.0,2.0,1,45.0,"0,1,2,3,5,6,7",Тип 1,Развертка,ГОСТ 28321-89,,,,,,0.2,,Цилиндрическая,0.0,0.0,0.0,,
13564,2363-3739,16.0,,,19.0,170.0,6.0,2.0,2,15.0,"8,9,10,30",Тип 1,Развертка,ГОСТ 28321-89,,,,,,0.2,,Цилиндрическая,0.0,0.0,0.0,,
13565,2363-3741,17.0,,,19.0,170.0,6.0,2.0,2,15.0,"8,9,10,33",Тип 1,Развертка,ГОСТ 28321-89,,,,,,0.2,,Цилиндрическая,0.0,0.0,0.0,,
13566,2363-3742,18.0,,,19.0,180.0,6.0,2.0,2,15.0,"8,9,10,36",Тип 1,Развертка,ГОСТ 28321-89,,,,,,0.2,,Цилиндрическая,0.0,0.0,0.0,,
13567,2363-3743,19.0,,,19.0,190.0,6.0,2.0,2,15.0,"8,9,10,39",Тип 1,Развертка,ГОСТ 28321-89,,,,,,0.2,,Цилиндрическая,0.0,0.0,0.0,,
13568,2363-3744,20.0,,,19.0,190.0,6.0,2.0,2,15.0,"8,9,10,42",Тип 1,Развертка,ГОСТ 28321-89,,,,,,0.2,,Цилиндрическая,0.0,0.0,0.0,,
13569,2363-3745,21.0,,,19.0,190.0,6.0,2.0,2,15.0,"8,9,10,45",Тип 1,Развертка,ГОСТ 28321-89,,,,,,0.2,,Цилиндрическая,0.0,0.0,0.0,,
13570,2363-3746,22.0,,,19.0,200.0,6.0,2.0,2,15.0,"8,9,10,48",Тип 1,Развертка,ГОСТ 28321-89,,,,,,0.2,,Цилиндрическая,0.0,0.0,0.0,,
13571,2363-3747,23.0,,,19.0,200.0,6.0,2.0,2,15.0,"8,9,10,51",Тип 1,Развертка,ГОСТ 28321-89,,,,,,0.2,,Цилиндрическая,0.0,0.0,0.0,,
13572,2363-3748,24.0,,,19.0,210.0,6.0,3.0,2,15.0,"8,9,10,54",Тип 1,Развертка,ГОСТ 28321-89,,,,,,0.2,,Цилиндрическая,0.0,0.0,0.0,,
13573,2363-3749,25.0,,,19.0,220.0,6.0,3.0,2,15.0,"8,9,10,57",Тип 1,Развертка,ГОСТ 28321-89,,,,,,0.2,,Цилиндрическая,0.0,0.0,0.0,,
13574,2363-3751,16.0,,,19.0,170.0,6.0,2.0,1,15.0,"8,9,10,30",Тип 1,Развертка,ГОСТ 28321-89,,,,,,0.2,,Цилиндрическая,0.0,0.0,0.0,,
13575,2363-3752,17.0,,,19.0,170.0,6.0,2.0,1,15.0,"8,9,10,33",Тип 1,Развертка,ГОСТ 28321-89,,,,,,0.2,,Цилиндрическая,0.0,0.0,0.0,,
13576,2363-3753,18.0,,,19.0,180.0,6.0,2.0,1,15.0,"8,9,10,36",Тип 1,Развертка,ГОСТ 28321-89,,,,,,0.2,,Цилиндрическая,0.0,0.0,0.0,,
13577,2363-3754,19.0,,,19.0,190.0,6.0,2.0,1,15.0,"8,9,10,39",Тип 1,Развертка,ГОСТ 28321-89,,,,,,0.2,,Цилиндрическая,0.0,0.0,0.0,,
13578,2363-3755,20.0,,,19.0,190.0,6.0,2.0,1,15.0,"8,9,10,42",Тип 1,Развертка,ГОСТ 28321-89,,,,,,0.2,,Цилиндрическая,0.0,0.0,0.0,,
13579,2363-3756,21.0,,,19.0,190.0,6.0,2.0,1,15.0,"8,9,10,45",Тип 1,Развертка,ГОСТ 28321-89,,,,,,0.2,,Цилиндрическая,0.0,0.0,0.0,,
13580,2363-3757,22.0,,,19.0,200.0,6.0,2.0,1,15.0,"8,9,10,48",Тип 1,Развертка,ГОСТ 28321-89,,,,,,0.2,,Цилиндрическая,0.0,0.0,0.0,,
13581,2363-3758,23.0,,,19.0,200.0,6.0,2.0,1,15.0,"8,9,10,51",Тип 1,Развертка,ГОСТ 28321-89,,,,,,0.2,,Цилиндрическая,0.0,0.0,0.0,,
13582,2363-3759,24.0,,,19.0,210.0,6.0,3.0,1,15.0,"8,9,10,54",Тип 1,Развертка,ГОСТ 28321-89,,,,,,0.2,,Цилиндрическая,0.0,0.0,0.0,,
13583,2363-3761,25.0,,,19.0,220.0,6.0,3.0,1,15.0,"8,9,10,57",Тип 1,Развертка,ГОСТ 28321-89,,,,,,0.2,,Цилиндрическая,0.0,0.0,0.0,,
13584,2363-3762,11.0,,,16.0,140.0,4.0,1.0,3,5.0,4,Тип 1,Развертка,ГОСТ 28321-89,,,,,,0.2,,Цилиндрическая,0.0,0.0,0.0,,
13585,2363-3763,12.0,,,16.0,150.0,4.0,1.0,3,5.0,4,Тип 1,Развертка,ГОСТ 28321-89,,,,,,0.2,,Цилиндрическая,0.0,0.0,0.0,,
13586,2363-3764,13.0,,,16.0,150.0,4.0,1.0,3,5.0,4,Тип 1,Развертка,ГОСТ 28321-89,,,,,,0.2,,Цилиндрическая,0.0,0.0,0.0,,
13587,2363-3765,14.0,,,16.0,160.0,4.0,1.0,3,5.0,4,Тип 1,Развертка,ГОСТ 28321-89,,,,,,0.2,,Цилиндрическая,0.0,0.0,0.0,,
13588,2363-3766,15.0,,,16.0,160.0,4.0,1.0,3,5.0,4,Тип 1,Развертка,ГОСТ 28321-89,,,,,,0.2,,Цилиндрическая,0.0,0.0,0.0,,
13589,2363-3767,16.0,,,19.0,170.0,6.0,2.0,3,5.0,4,Тип 1,Развертка,ГОСТ 28321-89,,,,,,0.2,,Цилиндрическая,0.0,0.0,0.0,,
13590,2363-3768,17.0,,,19.0,170.0,6.0,2.0,3,5.0,4,Тип 1,Развертка,ГОСТ 28321-89,,,,,,0.2,,Цилиндрическая,0.0,0.0,0.0,,
13591,2363-3769,18.0,,,19.0,180.0,6.0,2.0,3,5.0,4,Тип 1,Развертка,ГОСТ 28321-89,,,,,,0.2,,Цилиндрическая,0.0,0.0,0.0,,
13592,2363-3771,19.0,,,19.0,190.0,6.0,2.0,3,5.0,4,Тип 1,Развертка,ГОСТ 28321-89,,,,,,0.2,,Цилиндрическая,0.0,0.0,0.0,,
13593,2363-3772,20.0,,,19.0,190.0,6.0,2.0,3,5.0,4,Тип 1,Развертка,ГОСТ 28321-89,,,,,,0.2,,Цилиндрическая,0.0,0.0,0.0,,
13594,2363-3773,21.0,,,19.0,190.0,6.0,2.0,3,5.0,4,Тип 1,Развертка,ГОСТ 28321-89,,,,,,0.2,,Цилиндрическая,0.0,0.0,0.0,,
13595,2363-3774,22.0,,,19.0,200.0,6.0,2.0,3,5.0,4,Тип 1,Развертка,ГОСТ 28321-89,,,,,,0.2,,Цилиндрическая,0.0,0.0,0.0,,
13596,2363-3775,23.0,,,19.0,200.0,6.0,2.0,3,5.0,4,Тип 1,Развертка,ГОСТ 28321-89,,,,,,0.2,,Цилиндрическая,0.0,0.0,0.0,,
13597,2363-3776,24.0,,,19.0,210.0,6.0,3.0,3,5.0,4,Тип 1,Развертка,ГОСТ 28321-89,,,,,,0.2,,Цилиндрическая,0.0,0.0,0.0,,
13598,2363-3777,25.0,,,19.0,220.0,6.0,3.0,3,5.0,4,Тип 1,Развертка,ГОСТ 28321-89,,,,,,0.2,,Цилиндрическая,0.0,0.0,0.0,,
13599,2363-3778,26.0,,,22.0,220.0,6.0,3.0,3,5.0,4,Тип 1,Развертка,ГОСТ 28321-89,,,,,,0.2,,Цилиндрическая,0.0,0.0,0.0,,
13600,2363-3779,27.0,,,22.0,220.0,6.0,3.0,3,5.0,4,Тип 1,Развертка,ГОСТ 28321-89,,,,,,0.2,,Цилиндрическая,0.0,0.0,0.0,,
13601,2363-3781,28.0,,,22.0,240.0,6.0,3.0,3,5.0,4,Тип 1,Развертка,ГОСТ 28321-89,,,,,,0.2,,Цилиндрическая,0.0,0.0,0.0,,
13602,2363-3782,30.0,,,22.0,240.0,6.0,3.0,3,5.0,4,Тип 1,Развертка,ГОСТ 28321-89,,,,,,0.2,,Цилиндрическая,0.0,0.0,0.0,,
13603,2363-3783,32.0,,,22.0,240.0,6.0,3.0,3,5.0,4,Тип 1,Развертка,ГОСТ 28321-89,,,,,,0.2,,Цилиндрическая,0.0,0.0,0.0,,
13604,2363-3784,11.0,,,16.0,140.0,4.0,1.0,3,15.0,4,Тип 1,Развертка,ГОСТ 28321-89,,,,,,0.2,,Цилиндрическая,0.0,0.0,0.0,,
13605,2363-3785,12.0,,,16.0,150.0,4.0,1.0,3,15.0,4,Тип 1,Развертка,ГОСТ 28321-89,,,,,,0.2,,Цилиндрическая,0.0,0.0,0.0,,
13606,2363-3786,13.0,,,16.0,150.0,4.0,1.0,3,15.0,4,Тип 1,Развертка,ГОСТ 28321-89,,,,,,0.2,,Цилиндрическая,0.0,0.0,0.0,,
13607,2363-3787,14.0,,,16.0,160.0,4.0,1.0,3,15.0,4,Тип 1,Развертка,ГОСТ 28321-89,,,,,,0.2,,Цилиндрическая,0.0,0.0,0.0,,
13608,2363-3788,15.0,,,16.0,160.0,4.0,1.0,3,15.0,4,Тип 1,Развертка,ГОСТ 28321-89,,,,,,0.2,,Цилиндрическая,0.0,0.0,0.0,,
13609,2363-3789,16.0,,,19.0,170.0,6.0,2.0,3,15.0,4,Тип 1,Развертка,ГОСТ 28321-89,,,,,,0.2,,Цилиндрическая,0.0,0.0,0.0,,
13610,2363-3791,17.0,,,19.0,170.0,6.0,2.0,3,15.0,4,Тип 1,Развертка,ГОСТ 28321-89,,,,,,0.2,,Цилиндрическая,0.0,0.0,0.0,,
13611,2363-3792,18.0,,,19.0,180.0,6.0,2.0,3,15.0,4,Тип 1,Развертка,ГОСТ 28321-89,,,,,,0.2,,Цилиндрическая,0.0,0.0,0.0,,
13612,2363-3793,19.0,,,19.0,190.0,6.0,2.0,3,15.0,4,Тип 1,Развертка,ГОСТ 28321-89,,,,,,0.2,,Цилиндрическая,0.0,0.0,0.0,,
13613,2363-3794,20.0,,,19.0,190.0,6.0,2.0,3,15.0,4,Тип 1,Развертка,ГОСТ 28321-89,,,,,,0.2,,Цилиндрическая,0.0,0.0,0.0,,
13614,2363-3795,21.0,,,19.0,190.0,6.0,2.0,3,15.0,4,Тип 1,Развертка,ГОСТ 28321-89,,,,,,0.2,,Цилиндрическая,0.0,0.0,0.0,,
13615,2363-3796,22.0,,,19.0,200.0,6.0,2.0,3,15.0,4,Тип 1,Развертка,ГОСТ 28321-89,,,,,,0.2,,Цилиндрическая,0.0,0.0,0.0,,
13616,2363-3797,23.0,,,19.0,200.0,6.0,2.0,3,15.0,4,Тип 1,Развертка,ГОСТ 28321-89,,,,,,0.2,,Цилиндрическая,0.0,0.0,0.0,,
13617,2363-3798,24.0,,,19.0,210.0,6.0,3.0,3,15.0,4,Тип 1,Развертка,ГОСТ 28321-89,,,,,,0.2,,Цилиндрическая,0.0,0.0,0.0,,
13618,2363-3799,25.0,,,19.0,220.0,6.0,3.0,3,15.0,4,Тип 1,Развертка,ГОСТ 28321-89,,,,,,0.2,,Цилиндрическая,0.0,0.0,0.0,,
13619,2363-3801,26.0,,,22.0,220.0,6.0,3.0,3,15.0,4,Тип 1,Развертка,ГОСТ 28321-89,,,,,,0.2,,Цилиндрическая,0.0,0.0,0.0,,
13620,2363-3802,27.0,,,22.0,220.0,6.0,3.0,3,15.0,4,Тип 1,Развертка,ГОСТ 28321-89,,,,,,0.2,,Цилиндрическая,0.0,0.0,0.0,,
13621,2363-3803,28.0,,,22.0,240.0,6.0,3.0,3,15.0,4,Тип 1,Развертка,ГОСТ 28321-89,,,,,,0.2,,Цилиндрическая,0.0,0.0,0.0,,
13622,2363-3804,30.0,,,22.0,240.0,6.0,3.0,3,15.0,4,Тип 1,Развертка,ГОСТ 28321-89,,,,,,0.2,,Цилиндрическая,0.0,0.0,0.0,,
13623,2363-3805,32.0,,,22.0,240.0,6.0,3.0,3,15.0,4,Тип 1,Развертка,ГОСТ 28321-89,,,,,,0.2,,Цилиндрическая,0.0,0.0,0.0,,
13624,2363-3806,11.0,,,16.0,140.0,4.0,1.0,3,45.0,4,Тип 1,Развертка,ГОСТ 28321-89,,,,,,0.2,,Цилиндрическая,0.0,0.0,0.0,,
13625,2363-3807,12.0,,,16.0,150.0,4.0,1.0,3,45.0,4,Тип 1,Развертка,ГОСТ 28321-89,,,,,,0.2,,Цилиндрическая,0.0,0.0,0.0,,
13626,2363-3808,13.0,,,16.0,150.0,4.0,1.0,3,45.0,4,Тип 1,Развертка,ГОСТ 28321-89,,,,,,0.2,,Цилиндрическая,0.0,0.0,0.0,,
13627,2363-3809,14.0,,,16.0,160.0,4.0,1.0,3,45.0,4,Тип 1,Развертка,ГОСТ 28321-89,,,,,,0.2,,Цилиндрическая,0.0,0.0,0.0,,
13628,2363-3811,15.0,,,16.0,160.0,4.0,1.0,3,45.0,4,Тип 1,Развертка,ГОСТ 28321-89,,,,,,0.2,,Цилиндрическая,0.0,0.0,0.0,,
13629,2363-3812,16.0,,,19.0,170.0,6.0,2.0,3,45.0,4,Тип 1,Развертка,ГОСТ 28321-89,,,,,,0.2,,Цилиндрическая,0.0,0.0,0.0,,
13630,2363-3813,17.0,,,19.0,170.0,6.0,2.0,3,45.0,4,Тип 1,Развертка,ГОСТ 28321-89,,,,,,0.2,,Цилиндрическая,0.0,0.0,0.0,,
13631,2363-3814,18.0,,,19.0,180.0,6.0,2.0,3,45.0,4,Тип 1,Развертка,ГОСТ 28321-89,,,,,,0.2,,Цилиндрическая,0.0,0.0,0.0,,
13632,2363-3815,19.0,,,19.0,190.0,6.0,2.0,3,45.0,4,Тип 1,Развертка,ГОСТ 28321-89,,,,,,0.2,,Цилиндрическая,0.0,0.0,0.0,,
13633,2363-3816,20.0,,,19.0,190.0,6.0,2.0,3,45.0,4,Тип 1,Развертка,ГОСТ 28321-89,,,,,,0.2,,Цилиндрическая,0.0,0.0,0.0,,
13634,2363-3817,21.0,,,19.0,190.0,6.0,2.0,3,45.0,4,Тип 1,Развертка,ГОСТ 28321-89,,,,,,0.2,,Цилиндрическая,0.0,0.0,0.0,,
13635,2363-3818,22.0,,,19.0,200.0,6.0,2.0,3,45.0,4,Тип 1,Развертка,ГОСТ 28321-89,,,,,,0.2,,Цилиндрическая,0.0,0.0,0.0,,
13636,2363-3819,23.0,,,19.0,200.0,6.0,2.0,3,45.0,4,Тип 1,Развертка,ГОСТ 28321-89,,,,,,0.2,,Цилиндрическая,0.0,0.0,0.0,,
13637,2363-3821,24.0,,,19.0,210.0,6.0,3.0,3,45.0,4,Тип 1,Развертка,ГОСТ 28321-89,,,,,,0.2,,Цилиндрическая,0.0,0.0,0.0,,
13638,2363-3822,25.0,,,19.0,220.0,6.0,3.0,3,45.0,4,Тип 1,Развертка,ГОСТ 28321-89,,,,,,0.2,,Цилиндрическая,0.0,0.0,0.0,,
13639,2363-3823,26.0,,,22.0,220.0,6.0,3.0,3,45.0,4,Тип 1,Развертка,ГОСТ 28321-89,,,,,,0.2,,Цилиндрическая,0.0,0.0,0.0,,
13640,2363-3824,27.0,,,22.0,220.0,6.0,3.0,3,45.0,4,Тип 1,Развертка,ГОСТ 28321-89,,,,,,0.2,,Цилиндрическая,0.0,0.0,0.0,,
13641,2363-3825,28.0,,,22.0,240.0,6.0,3.0,3,45.0,4,Тип 1,Развертка,ГОСТ 28321-89,,,,,,0.2,,Цилиндрическая,0.0,0.0,0.0,,
13642,2363-3826,30.0,,,22.0,240.0,6.0,3.0,3,45.0,4,Тип 1,Развертка,ГОСТ 28321-89,,,,,,0.2,,Цилиндрическая,0.0,0.0,0.0,,
13643,2363-3827,32.0,,,22.0,240.0,6.0,3.0,3,45.0,4,Тип 1,Развертка,ГОСТ 28321-89,,,,,,0.2,,Цилиндрическая,0.0,0.0,0.0,,
13644,2363-3828,11.0,,,16.0,140.0,4.0,1.0,4,5.0,4,Тип 1,Развертка,ГОСТ 28321-89,,,,,,0.2,,Цилиндрическая,0.0,0.0,0.0,,
13645,2363-3829,12.0,,,16.0,150.0,4.0,1.0,4,5.0,4,Тип 1,Развертка,ГОСТ 28321-89,,,,,,0.2,,Цилиндрическая,0.0,0.0,0.0,,
13646,2363-3831,13.0,,,16.0,150.0,4.0,1.0,4,5.0,4,Тип 1,Развертка,ГОСТ 28321-89,,,,,,0.2,,Цилиндрическая,0.0,0.0,0.0,,
13647,2363-3832,14.0,,,16.0,160.0,4.0,1.0,4,5.0,4,Тип 1,Развертка,ГОСТ 28321-89,,,,,,0.2,,Цилиндрическая,0.0,0.0,0.0,,
13648,2363-3833,15.0,,,16.0,160.0,4.0,1.0,4,5.0,4,Тип 1,Развертка,ГОСТ 28321-89,,,,,,0.2,,Цилиндрическая,0.0,0.0,0.0,,
13649,2363-3834,16.0,,,19.0,170.0,6.0,2.0,4,5.0,4,Тип 1,Развертка,ГОСТ 28321-89,,,,,,0.2,,Цилиндрическая,0.0,0.0,0.0,,
13650,2363-3835,17.0,,,19.0,170.0,6.0,2.0,4,5.0,4,Тип 1,Развертка,ГОСТ 28321-89,,,,,,0.2,,Цилиндрическая,0.0,0.0,0.0,,
13651,2363-3836,18.0,,,19.0,180.0,6.0,2.0,4,5.0,4,Тип 1,Развертка,ГОСТ 28321-89,,,,,,0.2,,Цилиндрическая,0.0,0.0,0.0,,
13652,2363-3837,19.0,,,19.0,190.0,6.0,2.0,4,5.0,4,Тип 1,Развертка,ГОСТ 28321-89,,,,,,0.2,,Цилиндрическая,0.0,0.0,0.0,,
13653,2363-3838,20.0,,,19.0,190.0,6.0,2.0,4,5.0,4,Тип 1,Развертка,ГОСТ 28321-89,,,,,,0.2,,Цилиндрическая,0.0,0.0,0.0,,
13654,2363-3839,21.0,,,19.0,190.0,6.0,2.0,4,5.0,4,Тип 1,Развертка,ГОСТ 28321-89,,,,,,0.2,,Цилиндрическая,0.0,0.0,0.0,,
13655,2363-3841,22.0,,,19.0,200.0,6.0,2.0,4,5.0,4,Тип 1,Развертка,ГОСТ 28321-89,,,,,,0.2,,Цилиндрическая,0.0,0.0,0.0,,
13656,2363-3842,23.0,,,19.0,200.0,6.0,2.0,4,5.0,4,Тип 1,Развертка,ГОСТ 28321-89,,,,,,0.2,,Цилиндрическая,0.0,0.0,0.0,,
13657,2363-3843,24.0,,,19.0,210.0,6.0,3.0,4,5.0,4,Тип 1,Развертка,ГОСТ 28321-89,,,,,,0.2,,Цилиндрическая,0.0,0.0,0.0,,
13658,2363-3844,25.0,,,19.0,220.0,6.0,3.0,4,5.0,4,Тип 1,Развертка,ГОСТ 28321-89,,,,,,0.2,,Цилиндрическая,0.0,0.0,0.0,,
13659,2363-3845,26.0,,,22.0,220.0,6.0,3.0,4,5.0,4,Тип 1,Развертка,ГОСТ 28321-89,,,,,,0.2,,Цилиндрическая,0.0,0.0,0.0,,
13660,2363-3846,27.0,,,22.0,220.0,6.0,3.0,4,5.0,4,Тип 1,Развертка,ГОСТ 28321-89,,,,,,0.2,,Цилиндрическая,0.0,0.0,0.0,,
13661,2363-3847,28.0,,,22.0,240.0,6.0,3.0,4,5.0,4,Тип 1,Развертка,ГОСТ 28321-89,,,,,,0.2,,Цилиндрическая,0.0,0.0,0.0,,
13662,2363-3848,30.0,,,22.0,240.0,6.0,3.0,4,5.0,4,Тип 1,Развертка,ГОСТ 28321-89,,,,,,0.2,,Цилиндрическая,0.0,0.0,0.0,,
13663,2363-3849,32.0,,,22.0,240.0,6.0,3.0,4,5.0,4,Тип 1,Развертка,ГОСТ 28321-89,,,,,,0.2,,Цилиндрическая,0.0,0.0,0.0,,
13664,2363-3851,11.0,,,16.0,140.0,4.0,1.0,4,15.0,4,Тип 1,Развертка,ГОСТ 28321-89,,,,,,0.2,,Цилиндрическая,0.0,0.0,0.0,,
13665,2363-3852,12.0,,,16.0,150.0,4.0,1.0,4,15.0,4,Тип 1,Развертка,ГОСТ 28321-89,,,,,,0.2,,Цилиндрическая,0.0,0.0,0.0,,
13666,2363-3853,13.0,,,16.0,150.0,4.0,1.0,4,15.0,4,Тип 1,Развертка,ГОСТ 28321-89,,,,,,0.2,,Цилиндрическая,0.0,0.0,0.0,,
13667,2363-3854,14.0,,,16.0,160.0,4.0,1.0,4,15.0,4,Тип 1,Развертка,ГОСТ 28321-89,,,,,,0.2,,Цилиндрическая,0.0,0.0,0.0,,
13668,2363-3855,15.0,,,16.0,160.0,4.0,1.0,4,15.0,4,Тип 1,Развертка,ГОСТ 28321-89,,,,,,0.2,,Цилиндрическая,0.0,0.0,0.0,,
13669,2363-3856,16.0,,,19.0,170.0,6.0,2.0,4,15.0,4,Тип 1,Развертка,ГОСТ 28321-89,,,,,,0.2,,Цилиндрическая,0.0,0.0,0.0,,
13670,2363-3857,17.0,,,19.0,170.0,6.0,2.0,4,15.0,4,Тип 1,Развертка,ГОСТ 28321-89,,,,,,0.2,,Цилиндрическая,0.0,0.0,0.0,,
13671,2363-3858,18.0,,,19.0,180.0,6.0,2.0,4,15.0,4,Тип 1,Развертка,ГОСТ 28321-89,,,,,,0.2,,Цилиндрическая,0.0,0.0,0.0,,
13672,2363-3859,19.0,,,19.0,190.0,6.0,2.0,4,15.0,4,Тип 1,Развертка,ГОСТ 28321-89,,,,,,0.2,,Цилиндрическая,0.0,0.0,0.0,,
13673,2363-3861,20.0,,,19.0,190.0,6.0,2.0,4,15.0,4,Тип 1,Развертка,ГОСТ 28321-89,,,,,,0.2,,Цилиндрическая,0.0,0.0,0.0,,
13674,2363-3862,21.0,,,19.0,190.0,6.0,2.0,4,15.0,4,Тип 1,Развертка,ГОСТ 28321-89,,,,,,0.2,,Цилиндрическая,0.0,0.0,0.0,,
13675,2363-3863,22.0,,,19.0,200.0,6.0,2.0,4,15.0,4,Тип 1,Развертка,ГОСТ 28321-89,,,,,,0.2,,Цилиндрическая,0.0,0.0,0.0,,
13676,2363-3864,23.0,,,19.0,200.0,6.0,2.0,4,15.0,4,Тип 1,Развертка,ГОСТ 28321-89,,,,,,0.2,,Цилиндрическая,0.0,0.0,0.0,,
13677,2363-3865,24.0,,,19.0,210.0,6.0,3.0,4,15.0,4,Тип 1,Развертка,ГОСТ 28321-89,,,,,,0.2,,Цилиндрическая,0.0,0.0,0.0,,
13678,2363-3866,25.0,,,19.0,220.0,6.0,3.0,4,15.0,4,Тип 1,Развертка,ГОСТ 28321-89,,,,,,0.2,,Цилиндрическая,0.0,0.0,0.0,,
13679,2363-3867,26.0,,,22.0,220.0,6.0,3.0,4,15.0,4,Тип 1,Развертка,ГОСТ 28321-89,,,,,,0.2,,Цилиндрическая,0.0,0.0,0.0,,
13680,2363-3868,27.0,,,22.0,220.0,6.0,3.0,4,15.0,4,Тип 1,Развертка,ГОСТ 28321-89,,,,,,0.2,,Цилиндрическая,0.0,0.0,0.0,,
13681,2363-3869,28.0,,,22.0,240.0,6.0,3.0,4,15.0,4,Тип 1,Развертка,ГОСТ 28321-89,,,,,,0.2,,Цилиндрическая,0.0,0.0,0.0,,
13682,2363-3871,30.0,,,22.0,240.0,6.0,3.0,4,15.0,4,Тип 1,Развертка,ГОСТ 28321-89,,,,,,0.2,,Цилиндрическая,0.0,0.0,0.0,,
13683,2363-3872,32.0,,,22.0,240.0,6.0,3.0,4,15.0,4,Тип 1,Развертка,ГОСТ 28321-89,,,,,,0.2,,Цилиндрическая,0.0,0.0,0.0,,
13684,2363-3873,11.0,,,16.0,140.0,4.0,1.0,4,45.0,4,Тип 1,Развертка,ГОСТ 28321-89,,,,,,0.2,,Цилиндрическая,0.0,0.0,0.0,,
13685,2363-3874,12.0,,,16.0,150.0,4.0,1.0,4,45.0,4,Тип 1,Развертка,ГОСТ 28321-89,,,,,,0.2,,Цилиндрическая,0.0,0.0,0.0,,
13686,2363-3875,13.0,,,16.0,150.0,4.0,1.0,4,45.0,4,Тип 1,Развертка,ГОСТ 28321-89,,,,,,0.2,,Цилиндрическая,0.0,0.0,0.0,,
13687,2363-3876,14.0,,,16.0,160.0,4.0,1.0,4,45.0,4,Тип 1,Развертка,ГОСТ 28321-89,,,,,,0.2,,Цилиндрическая,0.0,0.0,0.0,,
13688,2363-3877,15.0,,,16.0,160.0,4.0,1.0,4,45.0,4,Тип 1,Развертка,ГОСТ 28321-89,,,,,,0.2,,Цилиндрическая,0.0,0.0,0.0,,
13689,2363-3878,16.0,,,19.0,170.0,6.0,2.0,4,45.0,4,Тип 1,Развертка,ГОСТ 28321-89,,,,,,0.2,,Цилиндрическая,0.0,0.0,0.0,,
13690,2363-3879,17.0,,,19.0,170.0,6.0,2.0,4,45.0,4,Тип 1,Развертка,ГОСТ 28321-89,,,,,,0.2,,Цилиндрическая,0.0,0.0,0.0,,
13691,2363-3881,18.0,,,19.0,180.0,6.0,2.0,4,45.0,4,Тип 1,Развертка,ГОСТ 28321-89,,,,,,0.2,,Цилиндрическая,0.0,0.0,0.0,,
13692,2363-3882,19.0,,,19.0,190.0,6.0,2.0,4,45.0,4,Тип 1,Развертка,ГОСТ 28321-89,,,,,,0.2,,Цилиндрическая,0.0,0.0,0.0,,
13693,2363-3883,20.0,,,19.0,190.0,6.0,2.0,4,45.0,4,Тип 1,Развертка,ГОСТ 28321-89,,,,,,0.2,,Цилиндрическая,0.0,0.0,0.0,,
13694,2363-3884,21.0,,,19.0,190.0,6.0,2.0,4,45.0,4,Тип 1,Развертка,ГОСТ 28321-89,,,,,,0.2,,Цилиндрическая,0.0,0.0,0.0,,
13695,2363-3885,22.0,,,19.0,200.0,6.0,2.0,4,45.0,4,Тип 1,Развертка,ГОСТ 28321-89,,,,,,0.2,,Цилиндрическая,0.0,0.0,0.0,,
13696,2363-3886,23.0,,,19.0,200.0,6.0,2.0,4,45.0,4,Тип 1,Развертка,ГОСТ 28321-89,,,,,,0.2,,Цилиндрическая,0.0,0.0,0.0,,
13697,2363-3887,24.0,,,19.0,210.0,6.0,3.0,4,45.0,4,Тип 1,Развертка,ГОСТ 28321-89,,,,,,0.2,,Цилиндрическая,0.0,0.0,0.0,,
13698,2363-3888,25.0,,,19.0,220.0,6.0,3.0,4,45.0,4,Тип 1,Развертка,ГОСТ 28321-89,,,,,,0.2,,Цилиндрическая,0.0,0.0,0.0,,
13699,2363-3889,26.0,,,22.0,220.0,6.0,3.0,4,45.0,4,Тип 1,Развертка,ГОСТ 28321-89,,,,,,0.2,,Цилиндрическая,0.0,0.0,0.0,,
13700,2363-3891,27.0,,,22.0,220.0,6.0,3.0,4,45.0,4,Тип 1,Развертка,ГОСТ 28321-89,,,,,,0.2,,Цилиндрическая,0.0,0.0,0.0,,
13701,2363-3892,28.0,,,22.0,240.0,6.0,3.0,4,45.0,4,Тип 1,Развертка,ГОСТ 28321-89,,,,,,0.2,,Цилиндрическая,0.0,0.0,0.0,,
13702,2363-3893,30.0,,,22.0,240.0,6.0,3.0,4,45.0,4,Тип 1,Развертка,ГОСТ 28321-89,,,,,,0.2,,Цилиндрическая,0.0,0.0,0.0,,
13703,2363-3894,32.0,,,22.0,240.0,6.0,3.0,4,45.0,4,Тип 1,Развертка,ГОСТ 28321-89,,,,,,0.2,,Цилиндрическая,0.0,0.0,0.0,,
13704,2363-3895,25.0,13.0,21.0,22.0,45.0,6.0,,2,90.0,"8,9,10,51",Тип 2,Развертка,ГОСТ 28321-89,,,,36.0,,0.2,,Цилиндрическая,0.0,0.0,0.0,,не менее
13705,2363-3896,25.0,13.0,21.0,22.0,45.0,6.0,,1,15.0,"8,9,10,51",Тип 2,Развертка,ГОСТ 28321-89,,,,36.0,,0.2,,Цилиндрическая,0.0,0.0,0.0,,не менее
13706,2363-3897,26.0,13.0,21.0,22.0,45.0,6.0,,2,90.0,"8,9,10,51",Тип 2,Развертка,ГОСТ 28321-89,,,,36.0,,0.2,,Цилиндрическая,0.0,0.0,0.0,,не менее
13707,2363-3898,26.0,13.0,21.0,22.0,45.0,6.0,,1,15.0,"8,9,10,51",Тип 2,Развертка,ГОСТ 28321-89,,,,36.0,,0.2,,Цилиндрическая,0.0,0.0,0.0,,не менее
13708,2363-3899,27.0,13.0,21.0,22.0,45.0,6.0,,2,90.0,"8,9,10,51",Тип 2,Развертка,ГОСТ 28321-89,,,,36.0,,0.2,,Цилиндрическая,0.0,0.0,0.0,,не менее
13709,2363-3901,27.0,13.0,21.0,22.0,45.0,6.0,,1,15.0,"8,9,10,51",Тип 2,Развертка,ГОСТ 28321-89,,,,36.0,,0.2,,Цилиндрическая,0.0,0.0,0.0,,не менее
13710,2363-3902,28.0,13.0,21.0,22.0,45.0,6.0,,2,90.0,"8,9,10,51",Тип 2,Развертка,ГОСТ 28321-89,,,,36.0,,0.2,,Цилиндрическая,0.0,0.0,0.0,,не менее
13711,2363-3903,28.0,13.0,21.0,22.0,45.0,6.0,,1,15.0,"8,9,10,51",Тип 2,Развертка,ГОСТ 28321-89,,,,36.0,,0.2,,Цилиндрическая,0.0,0.0,0.0,,не менее
13712,2363-3904,30.0,13.0,21.0,22.0,45.0,6.0,,2,90.0,"8,9,10,51",Тип 2,Развертка,ГОСТ 28321-89,,,,36.0,,0.2,,Цилиндрическая,0.0,0.0,0.0,,не менее
13713,2363-3905,30.0,13.0,21.0,22.0,45.0,6.0,,1,15.0,"8,9,10,51",Тип 2,Развертка,ГОСТ 28321-89,,,,36.0,,0.2,,Цилиндрическая,0.0,0.0,0.0,,не менее
13714,2363-3906,32.0,13.0,21.0,22.0,45.0,6.0,,2,90.0,"8,9,10,51",Тип 2,Развертка,ГОСТ 28321-89,,,,36.0,,0.2,,Цилиндрическая,0.0,0.0,0.0,,не менее
13715,2363-3907,32.0,13.0,21.0,22.0,45.0,6.0,,1,15.0,"8,9,10,51",Тип 2,Развертка,ГОСТ 28321-89,,,,36.0,,0.2,,Цилиндрическая,0.0,0.0,0.0,,не менее
13716,2363-3908,34.0,13.0,21.0,22.0,45.0,6.0,,2,90.0,"8,9,10,51",Тип 2,Развертка,ГОСТ 28321-89,,,,36.0,,0.2,,Цилиндрическая,0.0,0.0,0.0,,не менее
13717,2363-3909,34.0,13.0,21.0,22.0,45.0,6.0,,1,15.0,"8,9,10,51",Тип 2,Развертка,ГОСТ 28321-89,,,,36.0,,0.2,,Цилиндрическая,0.0,0.0,0.0,,не менее
13718,2363-3911,35.0,13.0,21.0,22.0,45.0,6.0,,2,90.0,"8,9,10,51",Тип 2,Развертка,ГОСТ 28321-89,,,,36.0,,0.2,,Цилиндрическая,0.0,0.0,0.0,,не менее
13719,2363-3912,35.0,13.0,21.0,22.0,45.0,6.0,,1,15.0,"8,9,10,51",Тип 2,Развертка,ГОСТ 28321-89,,,,36.0,,0.2,,Цилиндрическая,0.0,0.0,0.0,,не менее
13720,2363-3913,36.0,16.0,27.0,22.0,50.0,6.0,,2,90.0,"8,9,10,51",Тип 2,Развертка,ГОСТ 28321-89,,,,40.0,,0.2,,Цилиндрическая,0.0,0.0,0.0,,не менее
13721,2363-3914,36.0,16.0,27.0,22.0,50.0,6.0,,1,15.0,"8,9,10,51",Тип 2,Развертка,ГОСТ 28321-89,,,,40.0,,0.2,,Цилиндрическая,0.0,0.0,0.0,,не менее
13722,2363-3915,38.0,16.0,27.0,22.0,50.0,6.0,,2,90.0,"8,9,10,51",Тип 2,Развертка,ГОСТ 28321-89,,,,40.0,,0.2,,Цилиндрическая,0.0,0.0,0.0,,не менее
13723,2363-3916,38.0,16.0,27.0,22.0,50.0,6.0,,1,15.0,"8,9,10,51",Тип 2,Развертка,ГОСТ 28321-89,,,,40.0,,0.2,,Цилиндрическая,0.0,0.0,0.0,,не менее
13724,2363-3917,40.0,16.0,27.0,22.0,50.0,6.0,,2,90.0,"8,9,10,51",Тип 2,Развертка,ГОСТ 28321-89,,,,40.0,,0.2,,Цилиндрическая,0.0,0.0,0.0,,не менее
13725,2363-3918,40.0,16.0,27.0,22.0,50.0,6.0,,1,15.0,"8,9,10,51",Тип 2,Развертка,ГОСТ 28321-89,,,,40.0,,0.2,,Цилиндрическая,0.0,0.0,0.0,,не менее
13726,2363-3919,42.0,16.0,27.0,22.0,50.0,6.0,,2,90.0,"8,9,10,51",Тип 2,Развертка,ГОСТ 28321-89,,,,40.0,,0.2,,Цилиндрическая,0.0,0.0,0.0,,не менее
13727,2363-3921,42.0,16.0,27.0,22.0,50.0,6.0,,1,15.0,"8,9,10,51",Тип 2,Развертка,ГОСТ 28321-89,,,,40.0,,0.2,,Цилиндрическая,0.0,0.0,0.0,,не менее
13728,2363-3922,44.0,16.0,27.0,22.0,50.0,8.0,,2,90.0,"8,9,10,51",Тип 2,Развертка,ГОСТ 28321-89,,,,40.0,,0.2,,Цилиндрическая,0.0,0.0,0.0,,не менее
13729,2363-3923,44.0,16.0,27.0,22.0,50.0,8.0,,1,15.0,"8,9,10,51",Тип 2,Развертка,ГОСТ 28321-89,,,,40.0,,0.2,,Цилиндрическая,0.0,0.0,0.0,,не менее
13730,2363-3924,45.0,16.0,27.0,22.0,50.0,8.0,,2,90.0,"8,9,10,51",Тип 2,Развертка,ГОСТ 28321-89,,,,40.0,,0.2,,Цилиндрическая,0.0,0.0,0.0,,не менее
13731,2363-3925,45.0,16.0,27.0,22.0,50.0,8.0,,1,15.0,"8,9,10,51",Тип 2,Развертка,ГОСТ 28321-89,,,,40.0,,0.2,,Цилиндрическая,0.0,0.0,0.0,,не менее
13732,2363-3926,46.0,19.0,32.0,25.0,56.0,8.0,,2,90.0,"8,9,10,51",Тип 2,Развертка,ГОСТ 28321-89,,,,45.0,,0.2,,Цилиндрическая,0.0,0.0,0.0,,не менее
13733,2363-3927,46.0,19.0,32.0,25.0,56.0,8.0,,1,15.0,"8,9,10,51",Тип 2,Развертка,ГОСТ 28321-89,,,,45.0,,0.2,,Цилиндрическая,0.0,0.0,0.0,,не менее
13734,2363-3928,48.0,19.0,32.0,25.0,56.0,8.0,,2,90.0,"8,9,10,51",Тип 2,Развертка,ГОСТ 28321-89,,,,45.0,,0.2,,Цилиндрическая,0.0,0.0,0.0,,не менее
13735,2363-3929,48.0,19.0,32.0,25.0,56.0,8.0,,1,15.0,"8,9,10,51",Тип 2,Развертка,ГОСТ 28321-89,,,,45.0,,0.2,,Цилиндрическая,0.0,0.0,0.0,,не менее
13736,2363-3931,50.0,19.0,32.0,25.0,56.0,8.0,,2,90.0,"8,9,10,51",Тип 2,Развертка,ГОСТ 28321-89,,,,45.0,,0.2,,Цилиндрическая,0.0,0.0,0.0,,не менее
13737,2363-3932,50.0,19.0,32.0,25.0,56.0,8.0,,1,15.0,"8,9,10,51",Тип 2,Развертка,ГОСТ 28321-89,,,,45.0,,0.2,,Цилиндрическая,0.0,0.0,0.0,,не менее
13738,2363-3933,52.0,19.0,32.0,25.0,56.0,8.0,,2,90.0,"8,9,10,51",Тип 2,Развертка,ГОСТ 28321-89,,,,45.0,,0.2,,Цилиндрическая,0.0,0.0,0.0,,не менее
13739,2363-3934,52.0,19.0,32.0,25.0,56.0,8.0,,1,15.0,"8,9,10,51",Тип 2,Развертка,ГОСТ 28321-89,,,,45.0,,0.2,,Цилиндрическая,0.0,0.0,0.0,,не менее
13740,2363-3935,55.0,22.0,39.0,30.0,63.0,8.0,,2,90.0,"8,9,10,51",Тип 2,Развертка,ГОСТ 28321-89,,,,50.0,,0.2,,Цилиндрическая,0.0,0.0,0.0,,не менее
13741,2363-3936,55.0,22.0,39.0,30.0,63.0,8.0,,1,15.0,"8,9,10,51",Тип 2,Развертка,ГОСТ 28321-89,,,,50.0,,0.2,,Цилиндрическая,0.0,0.0,0.0,,не менее
13742,2363-3937,56.0,22.0,39.0,30.0,63.0,8.0,,2,90.0,"8,9,10,51",Тип 2,Развертка,ГОСТ 28321-89,,,,50.0,,0.2,,Цилиндрическая,0.0,0.0,0.0,,не менее
13743,2363-3938,56.0,22.0,39.0,30.0,63.0,8.0,,1,15.0,"8,9,10,51",Тип 2,Развертка,ГОСТ 28321-89,,,,50.0,,0.2,,Цилиндрическая,0.0,0.0,0.0,,не менее
13744,2363-3939,60.0,22.0,39.0,30.0,63.0,8.0,,2,90.0,"8,9,10,51",Тип 2,Развертка,ГОСТ 28321-89,,,,50.0,,0.2,,Цилиндрическая,0.0,0.0,0.0,,не менее
13745,2363-3941,60.0,22.0,39.0,30.0,63.0,8.0,,1,15.0,"8,9,10,51",Тип 2,Развертка,ГОСТ 28321-89,,,,50.0,,0.2,,Цилиндрическая,0.0,0.0,0.0,,не менее
13746,2363-3942,63.0,22.0,39.0,30.0,63.0,10.0,,2,90.0,"8,9,10,51",Тип 2,Развертка,ГОСТ 28321-89,,,,50.0,,0.2,,Цилиндрическая,0.0,0.0,0.0,,не менее
13747,2363-3943,63.0,22.0,39.0,30.0,63.0,10.0,,1,15.0,"8,9,10,51",Тип 2,Развертка,ГОСТ 28321-89,,,,50.0,,0.2,,Цилиндрическая,0.0,0.0,0.0,,не менее
13748,2363-3944,65.0,27.0,46.0,30.0,71.0,10.0,,2,90.0,"8,9,10,51",Тип 2,Развертка,ГОСТ 28321-89,,,,56.0,,0.2,,Цилиндрическая,0.0,0.0,0.0,,не менее
13749,2363-3945,65.0,27.0,46.0,30.0,71.0,10.0,,1,15.0,"8,9,10,51",Тип 2,Развертка,ГОСТ 28321-89,,,,56.0,,0.2,,Цилиндрическая,0.0,0.0,0.0,,не менее
13750,2363-3946,67.0,27.0,46.0,32.0,71.0,10.0,,2,90.0,"8,9,10,51",Тип 2,Развертка,ГОСТ 28321-89,,,,56.0,,0.2,,Цилиндрическая,0.0,0.0,0.0,,не менее
13751,2363-3947,67.0,27.0,46.0,32.0,71.0,10.0,,1,15.0,"8,9,10,51",Тип 2,Развертка,ГОСТ 28321-89,,,,56.0,,0.2,,Цилиндрическая,0.0,0.0,0.0,,не менее
13752,2363-3948,70.0,27.0,46.0,32.0,71.0,10.0,,2,90.0,"8,9,10,51",Тип 2,Развертка,ГОСТ 28321-89,,,,56.0,,0.2,,Цилиндрическая,0.0,0.0,0.0,,не менее
13753,2363-3949,70.0,27.0,46.0,32.0,71.0,10.0,,1,15.0,"8,9,10,51",Тип 2,Развертка,ГОСТ 28321-89,,,,56.0,,0.2,,Цилиндрическая,0.0,0.0,0.0,,не менее
13754,2363-3951,71.0,27.0,46.0,32.0,71.0,10.0,,2,90.0,"8,9,10,51",Тип 2,Развертка,ГОСТ 28321-89,,,,56.0,,0.2,,Цилиндрическая,0.0,0.0,0.0,,не менее
13755,2363-3952,71.0,27.0,46.0,32.0,71.0,10.0,,1,15.0,"8,9,10,51",Тип 2,Развертка,ГОСТ 28321-89,,,,56.0,,0.2,,Цилиндрическая,0.0,0.0,0.0,,не менее
13756,2363-3953,75.0,27.0,46.0,32.0,71.0,10.0,,2,90.0,"8,9,10,51",Тип 2,Развертка,ГОСТ 28321-89,,,,56.0,,0.2,,Цилиндрическая,0.0,0.0,0.0,,не менее
13757,2363-3954,75.0,27.0,46.0,32.0,71.0,10.0,,1,15.0,"8,9,10,51",Тип 2,Развертка,ГОСТ 28321-89,,,,56.0,,0.2,,Цилиндрическая,0.0,0.0,0.0,,не менее
13758,2363-3955,80.0,32.0,55.0,32.0,80.0,10.0,,2,90.0,"8,9,10,51",Тип 2,Развертка,ГОСТ 28321-89,,,,63.0,,0.2,,Цилиндрическая,0.0,0.0,0.0,,не менее
13759,2363-3956,80.0,32.0,55.0,32.0,80.0,10.0,,1,15.0,"8,9,10,51",Тип 2,Развертка,ГОСТ 28321-89,,,,63.0,,0.2,,Цилиндрическая,0.0,0.0,0.0,,не менее
13760,2363-3987,32.0,13.0,21.0,36.0,22.0,6.0,,1,5.0,4,Тип 2,Развертка,ГОСТ 28321-89,,,,45.0,,0.2,,Цилиндрическая,0.0,0.0,0.0,,не менее
13761,2363-3988,34.0,13.0,21.0,36.0,22.0,6.0,,1,5.0,4,Тип 2,Развертка,ГОСТ 28321-89,,,,45.0,,0.2,,Цилиндрическая,0.0,0.0,0.0,,не менее
13762,2363-3989,35.0,13.0,21.0,36.0,22.0,6.0,,1,5.0,4,Тип 2,Развертка,ГОСТ 28321-89,,,,45.0,,0.2,,Цилиндрическая,0.0,0.0,0.0,,не менее
13763,2363-3991,36.0,16.0,27.0,40.0,22.0,8.0,,1,5.0,4,Тип 2,Развертка,ГОСТ 28321-89,,,,50.0,,0.2,,Цилиндрическая,0.0,0.0,0.0,,не менее
13764,2363-3992,38.0,16.0,27.0,40.0,22.0,8.0,,1,5.0,4,Тип 2,Развертка,ГОСТ 28321-89,,,,50.0,,0.2,,Цилиндрическая,0.0,0.0,0.0,,не менее
13765,2363-3993,40.0,16.0,27.0,40.0,22.0,8.0,,1,5.0,4,Тип 2,Развертка,ГОСТ 28321-89,,,,50.0,,0.2,,Цилиндрическая,0.0,0.0,0.0,,не менее
13766,2363-3994,42.0,16.0,27.0,40.0,22.0,10.0,,1,5.0,4,Тип 2,Развертка,ГОСТ 28321-89,,,,50.0,,0.2,,Цилиндрическая,0.0,0.0,0.0,,не менее
13767,2363-3995,44.0,16.0,27.0,40.0,22.0,10.0,,1,5.0,4,Тип 2,Развертка,ГОСТ 28321-89,,,,50.0,,0.2,,Цилиндрическая,0.0,0.0,0.0,,не менее
13768,2363-3996,45.0,16.0,27.0,40.0,22.0,10.0,,1,5.0,4,Тип 2,Развертка,ГОСТ 28321-89,,,,50.0,,0.2,,Цилиндрическая,0.0,0.0,0.0,,не менее
13769,2363-3997,46.0,19.0,32.0,45.0,25.0,10.0,,1,5.0,4,Тип 2,Развертка,ГОСТ 28321-89,,,,56.0,,0.2,,Цилиндрическая,0.0,0.0,0.0,,не менее
13770,2363-3998,48.0,19.0,32.0,45.0,25.0,10.0,,1,5.0,4,Тип 2,Развертка,ГОСТ 28321-89,,,,56.0,,0.2,,Цилиндрическая,0.0,0.0,0.0,,не менее
13771,2363-3999,50.0,19.0,32.0,45.0,25.0,10.0,,1,5.0,4,Тип 2,Развертка,ГОСТ 28321-89,,,,56.0,,0.2,,Цилиндрическая,0.0,0.0,0.0,,не менее
13772,2364-0301,32.0,,,38.0,292.0,6.0,3.0,,5.0,,Тип 1,Развертка,ГОСТ 883-80,,,3.0,,,0.2,,Цилиндрическая,0.0,0.0,0.0,,
13773,2364-0302,32.0,,,38.0,292.0,6.0,3.0,,15.0,,Тип 1,Развертка,ГОСТ 883-80,,,3.0,,,0.2,,Цилиндрическая,0.0,0.0,0.0,,
13774,2364-0303,32.0,,,38.0,292.0,6.0,3.0,,45.0,,Тип 1,Развертка,ГОСТ 883-80,,,3.0,,,0.2,,Цилиндрическая,0.0,0.0,0.0,,
13775,2364-0304,32.0,,,38.0,317.0,6.0,4.0,,5.0,,Тип 1,Развертка,ГОСТ 883-80,,,3.0,,,0.2,,Цилиндрическая,0.0,0.0,0.0,,
13776,2364-0305,32.0,,,38.0,317.0,6.0,4.0,,15.0,,Тип 1,Развертка,ГОСТ 883-80,,,3.0,,,0.2,,Цилиндрическая,0.0,0.0,0.0,,
13777,2364-0306,32.0,,,38.0,317.0,6.0,4.0,,45.0,,Тип 1,Развертка,ГОСТ 883-80,,,3.0,,,0.2,,Цилиндрическая,0.0,0.0,0.0,,
13778,2364-0307,34.0,,,38.0,296.0,6.0,3.0,,5.0,,Тип 1,Развертка,ГОСТ 883-80,,,3.0,,,0.2,,Цилиндрическая,0.0,0.0,0.0,,
13779,2364-0308,34.0,,,38.0,296.0,6.0,3.0,,15.0,,Тип 1,Развертка,ГОСТ 883-80,,,3.0,,,0.2,,Цилиндрическая,0.0,0.0,0.0,,
13780,2364-0309,34.0,,,38.0,296.0,6.0,3.0,,45.0,,Тип 1,Развертка,ГОСТ 883-80,,,3.0,,,0.2,,Цилиндрическая,0.0,0.0,0.0,,
13781,2364-0311,34.0,,,38.0,321.0,6.0,4.0,,5.0,,Тип 1,Развертка,ГОСТ 883-80,,,3.0,,,0.2,,Цилиндрическая,0.0,0.0,0.0,,
13782,2364-0312,34.0,,,38.0,321.0,6.0,4.0,,15.0,,Тип 1,Развертка,ГОСТ 883-80,,,3.0,,,0.2,,Цилиндрическая,0.0,0.0,0.0,,
13783,2364-0313,34.0,,,38.0,321.0,6.0,4.0,,45.0,,Тип 1,Развертка,ГОСТ 883-80,,,3.0,,,0.2,,Цилиндрическая,0.0,0.0,0.0,,
13784,2364-0314,35.0,,,38.0,296.0,6.0,3.0,,5.0,,Тип 1,Развертка,ГОСТ 883-80,,,3.0,,,0.2,,Цилиндрическая,0.0,0.0,0.0,,
13785,2364-0315,35.0,,,38.0,296.0,6.0,3.0,,15.0,,Тип 1,Развертка,ГОСТ 883-80,,,3.0,,,0.2,,Цилиндрическая,0.0,0.0,0.0,,
13786,2364-0316,35.0,,,38.0,296.0,6.0,3.0,,45.0,,Тип 1,Развертка,ГОСТ 883-80,,,3.0,,,0.2,,Цилиндрическая,0.0,0.0,0.0,,
13787,2364-0317,35.0,,,38.0,321.0,6.0,4.0,,5.0,,Тип 1,Развертка,ГОСТ 883-80,,,3.0,,,0.2,,Цилиндрическая,0.0,0.0,0.0,,
13788,2364-0318,35.0,,,38.0,321.0,6.0,4.0,,15.0,,Тип 1,Развертка,ГОСТ 883-80,,,3.0,,,0.2,,Цилиндрическая,0.0,0.0,0.0,,
13789,2364-0319,35.0,,,38.0,321.0,6.0,4.0,,45.0,,Тип 1,Развертка,ГОСТ 883-80,,,3.0,,,0.2,,Цилиндрическая,0.0,0.0,0.0,,
13790,2364-0321,36.0,,,42.0,325.0,6.0,4.0,,5.0,,Тип 1,Развертка,ГОСТ 883-80,,,4.0,,,0.2,,Цилиндрическая,0.0,0.0,0.0,,
13791,2364-0322,36.0,,,42.0,325.0,6.0,4.0,,15.0,,Тип 1,Развертка,ГОСТ 883-80,,,4.0,,,0.2,,Цилиндрическая,0.0,0.0,0.0,,
13792,2364-0323,36.0,,,42.0,325.0,6.0,4.0,,45.0,,Тип 1,Развертка,ГОСТ 883-80,,,4.0,,,0.2,,Цилиндрическая,0.0,0.0,0.0,,
13793,2364-0324,37.0,,,42.0,325.0,6.0,4.0,,5.0,,Тип 1,Развертка,ГОСТ 883-80,,,4.0,,,0.2,,Цилиндрическая,0.0,0.0,0.0,,
13794,2364-0325,37.0,,,42.0,325.0,6.0,4.0,,15.0,,Тип 1,Развертка,ГОСТ 883-80,,,4.0,,,0.2,,Цилиндрическая,0.0,0.0,0.0,,
13795,2364-0326,37.0,,,42.0,325.0,6.0,4.0,,45.0,,Тип 1,Развертка,ГОСТ 883-80,,,4.0,,,0.2,,Цилиндрическая,0.0,0.0,0.0,,
13796,2364-0327,38.0,,,42.0,329.0,6.0,4.0,,5.0,,Тип 1,Развертка,ГОСТ 883-80,,,4.0,,,0.2,,Цилиндрическая,0.0,0.0,0.0,,
13797,2364-0328,38.0,,,42.0,329.0,6.0,4.0,,15.0,,Тип 1,Развертка,ГОСТ 883-80,,,4.0,,,0.2,,Цилиндрическая,0.0,0.0,0.0,,
13798,2364-0329,38.0,,,42.0,329.0,6.0,4.0,,45.0,,Тип 1,Развертка,ГОСТ 883-80,,,4.0,,,0.2,,Цилиндрическая,0.0,0.0,0.0,,
13799,2364-0331,40.0,,,42.0,329.0,6.0,4.0,,5.0,,Тип 1,Развертка,ГОСТ 883-80,,,4.0,,,0.2,,Цилиндрическая,0.0,0.0,0.0,,
13800,2364-0332,40.0,,,42.0,329.0,6.0,4.0,,15.0,,Тип 1,Развертка,ГОСТ 883-80,,,4.0,,,0.2,,Цилиндрическая,0.0,0.0,0.0,,
13801,2364-0333,40.0,,,42.0,329.0,6.0,4.0,,45.0,,Тип 1,Развертка,ГОСТ 883-80,,,4.0,,,0.2,,Цилиндрическая,0.0,0.0,0.0,,
13802,2364-0334,42.0,,,42.0,333.0,6.0,4.0,,5.0,,Тип 1,Развертка,ГОСТ 883-80,,,4.0,,,0.2,,Цилиндрическая,0.0,0.0,0.0,,
13803,2364-0335,42.0,,,42.0,333.0,6.0,4.0,,15.0,,Тип 1,Развертка,ГОСТ 883-80,,,4.0,,,0.2,,Цилиндрическая,0.0,0.0,0.0,,
13804,2364-0336,42.0,,,42.0,333.0,6.0,4.0,,45.0,,Тип 1,Развертка,ГОСТ 883-80,,,4.0,,,0.2,,Цилиндрическая,0.0,0.0,0.0,,
13805,2364-0337,45.0,,,42.0,336.0,6.0,4.0,,5.0,,Тип 1,Развертка,ГОСТ 883-80,,,4.0,,,0.2,,Цилиндрическая,0.0,0.0,0.0,,
13806,2364-0338,45.0,,,42.0,336.0,6.0,4.0,,15.0,,Тип 1,Развертка,ГОСТ 883-80,,,4.0,,,0.2,,Цилиндрическая,0.0,0.0,0.0,,
13807,2364-0339,45.0,,,42.0,336.0,6.0,4.0,,45.0,,Тип 1,Развертка,ГОСТ 883-80,,,4.0,,,0.2,,Цилиндрическая,0.0,0.0,0.0,,
13808,2364-0341,47.0,,,45.0,340.0,6.0,4.0,,5.0,,Тип 1,Развертка,ГОСТ 883-80,,,4.0,,,0.2,,Цилиндрическая,0.0,0.0,0.0,,
13809,2364-0342,47.0,,,45.0,340.0,6.0,4.0,,15.0,,Тип 1,Развертка,ГОСТ 883-80,,,4.0,,,0.2,,Цилиндрическая,0.0,0.0,0.0,,
13810,2364-0343,47.0,,,45.0,340.0,6.0,4.0,,45.0,,Тип 1,Развертка,ГОСТ 883-80,,,4.0,,,0.2,,Цилиндрическая,0.0,0.0,0.0,,
13811,2364-0344,48.0,,,45.0,344.0,6.0,4.0,,5.0,,Тип 1,Развертка,ГОСТ 883-80,,,4.0,,,0.2,,Цилиндрическая,0.0,0.0,0.0,,
13812,2364-0345,48.0,,,45.0,344.0,6.0,4.0,,15.0,,Тип 1,Развертка,ГОСТ 883-80,,,4.0,,,0.2,,Цилиндрическая,0.0,0.0,0.0,,
13813,2364-0346,48.0,,,45.0,344.0,6.0,4.0,,45.0,,Тип 1,Развертка,ГОСТ 883-80,,,4.0,,,0.2,,Цилиндрическая,0.0,0.0,0.0,,
13814,2364-0347,50.0,,,45.0,344.0,6.0,4.0,,5.0,,Тип 1,Развертка,ГОСТ 883-80,,,4.0,,,0.2,,Цилиндрическая,0.0,0.0,0.0,,
13815,2364-0348,50.0,,,45.0,344.0,6.0,4.0,,15.0,,Тип 1,Развертка,ГОСТ 883-80,,,4.0,,,0.2,,Цилиндрическая,0.0,0.0,0.0,,
13816,2364-0349,50.0,,,45.0,344.0,6.0,4.0,,45.0,,Тип 1,Развертка,ГОСТ 883-80,,,4.0,,,0.2,,Цилиндрическая,0.0,0.0,0.0,,
13817,2364-0351,40.0,16.0,,40.0,63.0,6.0,,,5.0,,Тип 2,Развертка,ГОСТ 883-80,,,,,,0.2,,Цилиндрическая,0.0,0.0,0.0,,
13818,2364-0352,40.0,16.0,,40.0,63.0,6.0,,,15.0,,Тип 2,Развертка,ГОСТ 883-80,,,,,,0.2,,Цилиндрическая,0.0,0.0,0.0,,
13819,2364-0353,40.0,16.0,,40.0,63.0,6.0,,,45.0,,Тип 2,Развертка,ГОСТ 883-80,,,,,,0.2,,Цилиндрическая,0.0,0.0,0.0,,
13820,2364-0354,42.0,16.0,,40.0,63.0,6.0,,,5.0,,Тип 2,Развертка,ГОСТ 883-80,,,,,,0.2,,Цилиндрическая,0.0,0.0,0.0,,
13821,2364-0355,42.0,16.0,,40.0,63.0,6.0,,,15.0,,Тип 2,Развертка,ГОСТ 883-80,,,,,,0.2,,Цилиндрическая,0.0,0.0,0.0,,
13822,2364-0356,42.0,16.0,,40.0,63.0,6.0,,,45.0,,Тип 2,Развертка,ГОСТ 883-80,,,,,,0.2,,Цилиндрическая,0.0,0.0,0.0,,
13823,2364-0357,45.0,16.0,,40.0,63.0,6.0,,,5.0,,Тип 2,Развертка,ГОСТ 883-80,,,,,,0.2,,Цилиндрическая,0.0,0.0,0.0,,
13824,2364-0358,45.0,16.0,,40.0,63.0,6.0,,,15.0,,Тип 2,Развертка,ГОСТ 883-80,,,,,,0.2,,Цилиндрическая,0.0,0.0,0.0,,
13825,2364-0359,45.0,16.0,,40.0,63.0,6.0,,,45.0,,Тип 2,Развертка,ГОСТ 883-80,,,,,,0.2,,Цилиндрическая,0.0,0.0,0.0,,
13826,2364-0361,47.0,19.0,,45.0,71.0,6.0,,,5.0,,Тип 2,Развертка,ГОСТ 883-80,,,,,,0.2,,Цилиндрическая,0.0,0.0,0.0,,
13827,2364-0362,47.0,19.0,,45.0,71.0,6.0,,,15.0,,Тип 2,Развертка,ГОСТ 883-80,,,,,,0.2,,Цилиндрическая,0.0,0.0,0.0,,
13828,2364-0363,47.0,19.0,,45.0,71.0,6.0,,,45.0,,Тип 2,Развертка,ГОСТ 883-80,,,,,,0.2,,Цилиндрическая,0.0,0.0,0.0,,
13829,2364-0364,48.0,19.0,,45.0,71.0,6.0,,,5.0,,Тип 2,Развертка,ГОСТ 883-80,,,,,,0.2,,Цилиндрическая,0.0,0.0,0.0,,
13830,2364-0365,48.0,19.0,,45.0,71.0,6.0,,,15.0,,Тип 2,Развертка,ГОСТ 883-80,,,,,,0.2,,Цилиндрическая,0.0,0.0,0.0,,
13831,2364-0366,48.0,19.0,,45.0,71.0,6.0,,,45.0,,Тип 2,Развертка,ГОСТ 883-80,,,,,,0.2,,Цилиндрическая,0.0,0.0,0.0,,
13832,2364-0367,50.0,19.0,,45.0,71.0,6.0,,,5.0,,Тип 2,Развертка,ГОСТ 883-80,,,,,,0.2,,Цилиндрическая,0.0,0.0,0.0,,
13833,2364-0368,50.0,19.0,,45.0,71.0,6.0,,,15.0,,Тип 2,Развертка,ГОСТ 883-80,,,,,,0.2,,Цилиндрическая,0.0,0.0,0.0,,
13834,2364-0369,50.0,19.0,,45.0,71.0,6.0,,,45.0,,Тип 2,Развертка,ГОСТ 883-80,,,,,,0.2,,Цилиндрическая,0.0,0.0,0.0,,
13835,2364-0371,52.0,19.0,,45.0,71.0,6.0,,,5.0,,Тип 2,Развертка,ГОСТ 883-80,,,,,,0.2,,Цилиндрическая,0.0,0.0,0.0,,
13836,2364-0372,52.0,19.0,,45.0,71.0,6.0,,,15.0,,Тип 2,Развертка,ГОСТ 883-80,,,,,,0.2,,Цилиндрическая,0.0,0.0,0.0,,
13837,2364-0373,52.0,19.0,,45.0,71.0,6.0,,,45.0,,Тип 2,Развертка,ГОСТ 883-80,,,,,,0.2,,Цилиндрическая,0.0,0.0,0.0,,
13838,2364-0374,55.0,19.0,,45.0,71.0,6.0,,,5.0,,Тип 2,Развертка,ГОСТ 883-80,,,,,,0.2,,Цилиндрическая,0.0,0.0,0.0,,
13839,2364-0375,55.0,19.0,,45.0,71.0,6.0,,,15.0,,Тип 2,Развертка,ГОСТ 883-80,,,,,,0.2,,Цилиндрическая,0.0,0.0,0.0,,
13840,2364-0376,55.0,19.0,,45.0,71.0,6.0,,,45.0,,Тип 2,Развертка,ГОСТ 883-80,,,,,,0.2,,Цилиндрическая,0.0,0.0,0.0,,
13841,2364-0377,58.0,22.0,,45.0,71.0,8.0,,,5.0,,Тип 2,Развертка,ГОСТ 883-80,,,,,,0.2,,Цилиндрическая,0.0,0.0,0.0,,
13842,2364-0378,58.0,22.0,,45.0,71.0,8.0,,,15.0,,Тип 2,Развертка,ГОСТ 883-80,,,,,,0.2,,Цилиндрическая,0.0,0.0,0.0,,
13843,2364-0379,58.0,22.0,,45.0,71.0,8.0,,,45.0,,Тип 2,Развертка,ГОСТ 883-80,,,,,,0.2,,Цилиндрическая,0.0,0.0,0.0,,
13844,2364-0381,60.0,22.0,,45.0,71.0,8.0,,,5.0,,Тип 2,Развертка,ГОСТ 883-80,,,,,,0.2,,Цилиндрическая,0.0,0.0,0.0,,
13845,2364-0382,60.0,22.0,,45.0,71.0,8.0,,,15.0,,Тип 2,Развертка,ГОСТ 883-80,,,,,,0.2,,Цилиндрическая,0.0,0.0,0.0,,
13846,2364-0383,60.0,22.0,,45.0,71.0,8.0,,,45.0,,Тип 2,Развертка,ГОСТ 883-80,,,,,,0.2,,Цилиндрическая,0.0,0.0,0.0,,
13847,2364-0384,62.0,22.0,,45.0,71.0,8.0,,,5.0,,Тип 2,Развертка,ГОСТ 883-80,,,,,,0.2,,Цилиндрическая,0.0,0.0,0.0,,
13848,2364-0385,62.0,22.0,,45.0,71.0,8.0,,,15.0,,Тип 2,Развертка,ГОСТ 883-80,,,,,,0.2,,Цилиндрическая,0.0,0.0,0.0,,
13849,2364-0386,62.0,22.0,,45.0,71.0,8.0,,,45.0,,Тип 2,Развертка,ГОСТ 883-80,,,,,,0.2,,Цилиндрическая,0.0,0.0,0.0,,
13850,2364-0387,63.0,22.0,,45.0,71.0,8.0,,,5.0,,Тип 2,Развертка,ГОСТ 883-80,,,,,,0.2,,Цилиндрическая,0.0,0.0,0.0,,
13851,2364-0388,63.0,22.0,,45.0,71.0,8.0,,,15.0,,Тип 2,Развертка,ГОСТ 883-80,,,,,,0.2,,Цилиндрическая,0.0,0.0,0.0,,
13852,2364-0389,63.0,22.0,,45.0,71.0,8.0,,,45.0,,Тип 2,Развертка,ГОСТ 883-80,,,,,,0.2,,Цилиндрическая,0.0,0.0,0.0,,
13853,2364-0391,65.0,22.0,,45.0,71.0,8.0,,,5.0,,Тип 2,Развертка,ГОСТ 883-80,,,,,,0.2,,Цилиндрическая,0.0,0.0,0.0,,
13854,2364-0392,65.0,22.0,,45.0,71.0,8.0,,,15.0,,Тип 2,Развертка,ГОСТ 883-80,,,,,,0.2,,Цилиндрическая,0.0,0.0,0.0,,
13855,2364-0393,65.0,22.0,,45.0,71.0,8.0,,,45.0,,Тип 2,Развертка,ГОСТ 883-80,,,,,,0.2,,Цилиндрическая,0.0,0.0,0.0,,
13856,2364-0394,68.0,27.0,,50.0,80.0,8.0,,,5.0,,Тип 2,Развертка,ГОСТ 883-80,,,,,,0.2,,Цилиндрическая,0.0,0.0,0.0,,
13857,2364-0395,68.0,27.0,,50.0,80.0,8.0,,,15.0,,Тип 2,Развертка,ГОСТ 883-80,,,,,,0.2,,Цилиндрическая,0.0,0.0,0.0,,
13858,2364-0396,68.0,27.0,,50.0,80.0,8.0,,,45.0,,Тип 2,Развертка,ГОСТ 883-80,,,,,,0.2,,Цилиндрическая,0.0,0.0,0.0,,
13859,2364-0397,70.0,27.0,,50.0,80.0,8.0,,,5.0,,Тип 2,Развертка,ГОСТ 883-80,,,,,,0.2,,Цилиндрическая,0.0,0.0,0.0,,
13860,2364-0398,70.0,27.0,,50.0,80.0,8.0,,,15.0,,Тип 2,Развертка,ГОСТ 883-80,,,,,,0.2,,Цилиндрическая,0.0,0.0,0.0,,
13861,2364-0399,70.0,27.0,,50.0,80.0,8.0,,,45.0,,Тип 2,Развертка,ГОСТ 883-80,,,,,,0.2,,Цилиндрическая,0.0,0.0,0.0,,
13862,2364-0401,72.0,27.0,,50.0,80.0,8.0,,,5.0,,Тип 2,Развертка,ГОСТ 883-80,,,,,,0.2,,Цилиндрическая,0.0,0.0,0.0,,
13863,2364-0402,72.0,27.0,,50.0,80.0,8.0,,,15.0,,Тип 2,Развертка,ГОСТ 883-80,,,,,,0.2,,Цилиндрическая,0.0,0.0,0.0,,
13864,2364-0403,72.0,27.0,,50.0,80.0,8.0,,,45.0,,Тип 2,Развертка,ГОСТ 883-80,,,,,,0.2,,Цилиндрическая,0.0,0.0,0.0,,
13865,2364-0404,75.0,27.0,,50.0,80.0,8.0,,,5.0,,Тип 2,Развертка,ГОСТ 883-80,,,,,,0.2,,Цилиндрическая,0.0,0.0,0.0,,
13866,2364-0405,75.0,27.0,,50.0,80.0,8.0,,,15.0,,Тип 2,Развертка,ГОСТ 883-80,,,,,,0.2,,Цилиндрическая,0.0,0.0,0.0,,
13867,2364-0406,75.0,27.0,,50.0,80.0,8.0,,,45.0,,Тип 2,Развертка,ГОСТ 883-80,,,,,,0.2,,Цилиндрическая,0.0,0.0,0.0,,
13868,2364-0407,78.0,32.0,,50.0,80.0,8.0,,,5.0,,Тип 2,Развертка,ГОСТ 883-80,,,,,,0.2,,Цилиндрическая,0.0,0.0,0.0,,
13869,2364-0408,78.0,32.0,,50.0,80.0,8.0,,,15.0,,Тип 2,Развертка,ГОСТ 883-80,,,,,,0.2,,Цилиндрическая,0.0,0.0,0.0,,
13870,2364-0409,78.0,32.0,,50.0,80.0,8.0,,,45.0,,Тип 2,Развертка,ГОСТ 883-80,,,,,,0.2,,Цилиндрическая,0.0,0.0,0.0,,
13871,2364-0411,80.0,32.0,,50.0,80.0,10.0,,,5.0,,Тип 2,Развертка,ГОСТ 883-80,,,,,,0.2,,Цилиндрическая,0.0,0.0,0.0,,
13872,2364-0412,80.0,32.0,,50.0,80.0,10.0,,,15.0,,Тип 2,Развертка,ГОСТ 883-80,,,,,,0.2,,Цилиндрическая,0.0,0.0,0.0,,
13873,2364-0413,80.0,32.0,,50.0,80.0,10.0,,,45.0,,Тип 2,Развертка,ГОСТ 883-80,,,,,,0.2,,Цилиндрическая,0.0,0.0,0.0,,
13874,2364-0414,85.0,40.0,,56.0,90.0,10.0,,,5.0,,Тип 2,Развертка,ГОСТ 883-80,,,,,,0.2,,Цилиндрическая,0.0,0.0,0.0,,
13875,2364-0415,85.0,40.0,,56.0,90.0,10.0,,,15.0,,Тип 2,Развертка,ГОСТ 883-80,,,,,,0.2,,Цилиндрическая,0.0,0.0,0.0,,
13876,2364-0416,85.0,40.0,,56.0,90.0,10.0,,,45.0,,Тип 2,Развертка,ГОСТ 883-80,,,,,,0.2,,Цилиндрическая,0.0,0.0,0.0,,
13877,2364-0417,90.0,40.0,,56.0,90.0,10.0,,,5.0,,Тип 2,Развертка,ГОСТ 883-80,,,,,,0.2,,Цилиндрическая,0.0,0.0,0.0,,
13878,2364-0418,90.0,40.0,,56.0,90.0,10.0,,,15.0,,Тип 2,Развертка,ГОСТ 883-80,,,,,,0.2,,Цилиндрическая,0.0,0.0,0.0,,
13879,2364-0419,90.0,40.0,,56.0,90.0,10.0,,,45.0,,Тип 2,Развертка,ГОСТ 883-80,,,,,,0.2,,Цилиндрическая,0.0,0.0,0.0,,
13880,2364-0421,95.0,40.0,,56.0,90.0,10.0,,,5.0,,Тип 2,Развертка,ГОСТ 883-80,,,,,,0.2,,Цилиндрическая,0.0,0.0,0.0,,
13881,2364-0422,95.0,40.0,,56.0,90.0,10.0,,,15.0,,Тип 2,Развертка,ГОСТ 883-80,,,,,,0.2,,Цилиндрическая,0.0,0.0,0.0,,
13882,2364-0423,95.0,40.0,,56.0,90.0,10.0,,,45.0,,Тип 2,Развертка,ГОСТ 883-80,,,,,,0.2,,Цилиндрическая,0.0,0.0,0.0,,
13883,2364-0424,100.0,40.0,,56.0,90.0,10.0,,,5.0,,Тип 2,Развертка,ГОСТ 883-80,,,,,,0.2,,Цилиндрическая,0.0,0.0,0.0,,
13884,2364-0425,100.0,40.0,,56.0,90.0,10.0,,,15.0,,Тип 2,Развертка,ГОСТ 883-80,,,,,,0.2,,Цилиндрическая,0.0,0.0,0.0,,
13885,2364-0426,100.0,40.0,,56.0,90.0,10.0,,,45.0,,Тип 2,Развертка,ГОСТ 883-80,,,,,,0.2,,Цилиндрическая,0.0,0.0,0.0,,
13886,2368-0001,32.0,13.0,21.0,36.0,22.0,6.0,,1,15.0,4,Тип 2,Развертка,ГОСТ 28321-89,,,,45.0,,0.2,,Цилиндрическая,0.0,0.0,0.0,,не менее
13887,2368-0002,34.0,13.0,21.0,36.0,22.0,6.0,,1,15.0,4,Тип 2,Развертка,ГОСТ 28321-89,,,,45.0,,0.2,,Цилиндрическая,0.0,0.0,0.0,,не менее
13888,2368-0003,35.0,13.0,21.0,36.0,22.0,6.0,,1,15.0,4,Тип 2,Развертка,ГОСТ 28321-89,,,,45.0,,0.2,,Цилиндрическая,0.0,0.0,0.0,,не менее
13889,2368-0004,36.0,16.0,27.0,40.0,22.0,8.0,,1,15.0,4,Тип 2,Развертка,ГОСТ 28321-89,,,,50.0,,0.2,,Цилиндрическая,0.0,0.0,0.0,,не менее
13890,2368-0005,38.0,16.0,27.0,40.0,22.0,8.0,,1,15.0,4,Тип 2,Развертка,ГОСТ 28321-89,,,,50.0,,0.2,,Цилиндрическая,0.0,0.0,0.0,,не менее
13891,2368-0006,40.0,16.0,27.0,40.0,22.0,8.0,,1,15.0,4,Тип 2,Развертка,ГОСТ 28321-89,,,,50.0,,0.2,,Цилиндрическая,0.0,0.0,0.0,,не менее
13892,2368-0007,42.0,16.0,27.0,40.0,22.0,10.0,,1,15.0,4,Тип 2,Развертка,ГОСТ 28321-89,,,,50.0,,0.2,,Цилиндрическая,0.0,0.0,0.0,,не менее
13893,2368-0008,44.0,16.0,27.0,40.0,22.0,10.0,,1,15.0,4,Тип 2,Развертка,ГОСТ 28321-89,,,,50.0,,0.2,,Цилиндрическая,0.0,0.0,0.0,,не менее
13894,2368-0009,45.0,16.0,27.0,40.0,22.0,10.0,,1,15.0,4,Тип 2,Развертка,ГОСТ 28321-89,,,,50.0,,0.2,,Цилиндрическая,0.0,0.0,0.0,,не менее
13895,2368-0011,46.0,19.0,32.0,45.0,25.0,10.0,,1,15.0,4,Тип 2,Развертка,ГОСТ 28321-89,,,,56.0,,0.2,,Цилиндрическая,0.0,0.0,0.0,,не менее
13896,2368-0012,48.0,19.0,32.0,45.0,25.0,10.0,,1,15.0,4,Тип 2,Развертка,ГОСТ 28321-89,,,,56.0,,0.2,,Цилиндрическая,0.0,0.0,0.0,,не менее
13897,2368-0013,50.0,19.0,32.0,45.0,25.0,10.0,,1,15.0,4,Тип 2,Развертка,ГОСТ 28321-89,,,,56.0,,0.2,,Цилиндрическая,0.0,0.0,0.0,,не менее
13898,2368-0014,32.0,13.0,21.0,36.0,22.0,6.0,,1,45.0,4,Тип 2,Развертка,ГОСТ 28321-89,,,,45.0,,0.2,,Цилиндрическая,0.0,0.0,0.0,,не менее
13899,2368-0015,34.0,13.0,21.0,36.0,22.0,6.0,,1,45.0,4,Тип 2,Развертка,ГОСТ 28321-89,,,,45.0,,0.2,,Цилиндрическая,0.0,0.0,0.0,,не менее
13900,2368-0016,35.0,13.0,21.0,36.0,22.0,6.0,,1,45.0,4,Тип 2,Развертка,ГОСТ 28321-89,,,,45.0,,0.2,,Цилиндрическая,0.0,0.0,0.0,,не менее
13901,2368-0017,36.0,16.0,27.0,40.0,22.0,8.0,,1,45.0,4,Тип 2,Развертка,ГОСТ 28321-89,,,,50.0,,0.2,,Цилиндрическая,0.0,0.0,0.0,,не менее
13902,2368-0018,38.0,16.0,27.0,40.0,22.0,8.0,,1,45.0,4,Тип 2,Развертка,ГОСТ 28321-89,,,,50.0,,0.2,,Цилиндрическая,0.0,0.0,0.0,,не менее
13903,2368-0019,40.0,16.0,27.0,40.0,22.0,8.0,,1,45.0,4,Тип 2,Развертка,ГОСТ 28321-89,,,,50.0,,0.2,,Цилиндрическая,0.0,0.0,0.0,,не менее
13904,2368-0021,42.0,16.0,27.0,40.0,22.0,10.0,,1,45.0,4,Тип 2,Развертка,ГОСТ 28321-89,,,,50.0,,0.2,,Цилиндрическая,0.0,0.0,0.0,,не менее
13905,2368-0022,44.0,16.0,27.0,40.0,22.0,10.0,,1,45.0,4,Тип 2,Развертка,ГОСТ 28321-89,,,,50.0,,0.2,,Цилиндрическая,0.0,0.0,0.0,,не менее
13906,2368-0023,45.0,16.0,27.0,40.0,22.0,10.0,,1,45.0,4,Тип 2,Развертка,ГОСТ 28321-89,,,,50.0,,0.2,,Цилиндрическая,0.0,0.0,0.0,,не менее
13907,2368-0024,46.0,19.0,32.0,45.0,25.0,10.0,,1,45.0,4,Тип 2,Развертка,ГОСТ 28321-89,,,,56.0,,0.2,,Цилиндрическая,0.0,0.0,0.0,,не менее
13908,2368-0025,48.0,19.0,32.0,45.0,25.0,10.0,,1,45.0,4,Тип 2,Развертка,ГОСТ 28321-89,,,,56.0,,0.2,,Цилиндрическая,0.0,0.0,0.0,,не менее
13909,2368-0026,50.0,19.0,32.0,45.0,25.0,10.0,,1,45.0,4,Тип 2,Развертка,ГОСТ 28321-89,,,,56.0,,0.2,,Цилиндрическая,0.0,0.0,0.0,,не менее
13910,2368-0027,32.0,13.0,21.0,36.0,22.0,6.0,,3,5.0,4,Тип 2,Развертка,ГОСТ 28321-89,,,,45.0,,0.2,,Цилиндрическая,0.0,0.0,0.0,,не менее
13911,2368-0028,34.0,13.0,21.0,36.0,22.0,6.0,,3,5.0,4,Тип 2,Развертка,ГОСТ 28321-89,,,,45.0,,0.2,,Цилиндрическая,0.0,0.0,0.0,,не менее
13912,2368-0029,35.0,13.0,21.0,36.0,22.0,6.0,,3,5.0,4,Тип 2,Развертка,ГОСТ 28321-89,,,,45.0,,0.2,,Цилиндрическая,0.0,0.0,0.0,,не менее
13913,2368-0031,36.0,16.0,27.0,40.0,22.0,8.0,,3,5.0,4,Тип 2,Развертка,ГОСТ 28321-89,,,,50.0,,0.2,,Цилиндрическая,0.0,0.0,0.0,,не менее
13914,2368-0032,38.0,16.0,27.0,40.0,22.0,8.0,,3,5.0,4,Тип 2,Развертка,ГОСТ 28321-89,,,,50.0,,0.2,,Цилиндрическая,0.0,0.0,0.0,,не менее
13915,2368-0033,40.0,16.0,27.0,40.0,22.0,8.0,,3,5.0,4,Тип 2,Развертка,ГОСТ 28321-89,,,,50.0,,0.2,,Цилиндрическая,0.0,0.0,0.0,,не менее
13916,2368-0034,42.0,16.0,27.0,40.0,22.0,10.0,,3,5.0,4,Тип 2,Развертка,ГОСТ 28321-89,,,,50.0,,0.2,,Цилиндрическая,0.0,0.0,0.0,,не менее
13917,2368-0035,44.0,16.0,27.0,40.0,22.0,10.0,,3,5.0,4,Тип 2,Развертка,ГОСТ 28321-89,,,,50.0,,0.2,,Цилиндрическая,0.0,0.0,0.0,,не менее
13918,2368-0036,45.0,16.0,27.0,40.0,22.0,10.0,,3,5.0,4,Тип 2,Развертка,ГОСТ 28321-89,,,,50.0,,0.2,,Цилиндрическая,0.0,0.0,0.0,,не менее
13919,2368-0037,46.0,19.0,32.0,45.0,25.0,10.0,,3,5.0,4,Тип 2,Развертка,ГОСТ 28321-89,,,,56.0,,0.2,,Цилиндрическая,0.0,0.0,0.0,,не менее
13920,2368-0038,48.0,19.0,32.0,45.0,25.0,10.0,,3,5.0,4,Тип 2,Развертка,ГОСТ 28321-89,,,,56.0,,0.2,,Цилиндрическая,0.0,0.0,0.0,,не менее
13921,2368-0039,50.0,19.0,32.0,45.0,25.0,10.0,,3,5.0,4,Тип 2,Развертка,ГОСТ 28321-89,,,,56.0,,0.2,,Цилиндрическая,0.0,0.0,0.0,,не менее
13922,2368-0041,32.0,13.0,21.0,36.0,22.0,6.0,,3,15.0,4,Тип 2,Развертка,ГОСТ 28321-89,,,,45.0,,0.2,,Цилиндрическая,0.0,0.0,0.0,,не менее
13923,2368-0042,34.0,13.0,21.0,36.0,22.0,6.0,,3,15.0,4,Тип 2,Развертка,ГОСТ 28321-89,,,,45.0,,0.2,,Цилиндрическая,0.0,0.0,0.0,,не менее
13924,2368-0043,35.0,13.0,21.0,36.0,22.0,6.0,,3,15.0,4,Тип 2,Развертка,ГОСТ 28321-89,,,,45.0,,0.2,,Цилиндрическая,0.0,0.0,0.0,,не менее
13925,2368-0044,36.0,16.0,27.0,40.0,22.0,8.0,,3,15.0,4,Тип 2,Развертка,ГОСТ 28321-89,,,,50.0,,0.2,,Цилиндрическая,0.0,0.0,0.0,,не менее
13926,2368-0045,38.0,16.0,27.0,40.0,22.0,8.0,,3,15.0,4,Тип 2,Развертка,ГОСТ 28321-89,,,,50.0,,0.2,,Цилиндрическая,0.0,0.0,0.0,,не менее
13927,2368-0046,40.0,16.0,27.0,40.0,22.0,8.0,,3,15.0,4,Тип 2,Развертка,ГОСТ 28321-89,,,,50.0,,0.2,,Цилиндрическая,0.0,0.0,0.0,,не менее
13928,2368-0047,42.0,16.0,27.0,40.0,22.0,10.0,,3,15.0,4,Тип 2,Развертка,ГОСТ 28321-89,,,,50.0,,0.2,,Цилиндрическая,0.0,0.0,0.0,,не менее
13929,2368-0048,44.0,16.0,27.0,40.0,22.0,10.0,,3,15.0,4,Тип 2,Развертка,ГОСТ 28321-89,,,,50.0,,0.2,,Цилиндрическая,0.0,0.0,0.0,,не менее
13930,2368-0049,45.0,16.0,27.0,40.0,22.0,10.0,,3,15.0,4,Тип 2,Развертка,ГОСТ 28321-89,,,,50.0,,0.2,,Цилиндрическая,0.0,0.0,0.0,,не менее
13931,2368-0051,46.0,19.0,32.0,45.0,25.0,10.0,,3,15.0,4,Тип 2,Развертка,ГОСТ 28321-89,,,,56.0,,0.2,,Цилиндрическая,0.0,0.0,0.0,,не менее
13932,2368-0052,48.0,19.0,32.0,45.0,25.0,10.0,,3,15.0,4,Тип 2,Развертка,ГОСТ 28321-89,,,,56.0,,0.2,,Цилиндрическая,0.0,0.0,0.0,,не менее
13933,2368-0053,50.0,19.0,32.0,45.0,25.0,10.0,,3,15.0,4,Тип 2,Развертка,ГОСТ 28321-89,,,,56.0,,0.2,,Цилиндрическая,0.0,0.0,0.0,,не менее
13934,2368-0054,32.0,13.0,21.0,36.0,22.0,6.0,,3,45.0,4,Тип 2,Развертка,ГОСТ 28321-89,,,,45.0,,0.2,,Цилиндрическая,0.0,0.0,0.0,,не менее
13935,2368-0055,34.0,13.0,21.0,36.0,22.0,6.0,,3,45.0,4,Тип 2,Развертка,ГОСТ 28321-89,,,,45.0,,0.2,,Цилиндрическая,0.0,0.0,0.0,,не менее
13936,2368-0056,35.0,13.0,21.0,36.0,22.0,6.0,,3,45.0,4,Тип 2,Развертка,ГОСТ 28321-89,,,,45.0,,0.2,,Цилиндрическая,0.0,0.0,0.0,,не менее
13937,2368-0057,36.0,16.0,27.0,40.0,22.0,8.0,,3,45.0,4,Тип 2,Развертка,ГОСТ 28321-89,,,,50.0,,0.2,,Цилиндрическая,0.0,0.0,0.0,,не менее
13938,2368-0058,38.0,16.0,27.0,40.0,22.0,8.0,,3,45.0,4,Тип 2,Развертка,ГОСТ 28321-89,,,,50.0,,0.2,,Цилиндрическая,0.0,0.0,0.0,,не менее
13939,2368-0059,40.0,16.0,27.0,40.0,22.0,8.0,,3,45.0,4,Тип 2,Развертка,ГОСТ 28321-89,,,,50.0,,0.2,,Цилиндрическая,0.0,0.0,0.0,,не менее
13940,2368-0061,42.0,16.0,27.0,40.0,22.0,10.0,,3,45.0,4,Тип 2,Развертка,ГОСТ 28321-89,,,,50.0,,0.2,,Цилиндрическая,0.0,0.0,0.0,,не менее
13941,2368-0062,44.0,16.0,27.0,40.0,22.0,10.0,,3,45.0,4,Тип 2,Развертка,ГОСТ 28321-89,,,,50.0,,0.2,,Цилиндрическая,0.0,0.0,0.0,,не менее
13942,2368-0063,45.0,16.0,27.0,40.0,22.0,10.0,,3,45.0,4,Тип 2,Развертка,ГОСТ 28321-89,,,,50.0,,0.2,,Цилиндрическая,0.0,0.0,0.0,,не менее
13943,2368-0064,46.0,19.0,32.0,45.0,25.0,10.0,,3,45.0,4,Тип 2,Развертка,ГОСТ 28321-89,,,,56.0,,0.2,,Цилиндрическая,0.0,0.0,0.0,,не менее
13944,2368-0065,48.0,19.0,32.0,45.0,25.0,10.0,,3,45.0,4,Тип 2,Развертка,ГОСТ 28321-89,,,,56.0,,0.2,,Цилиндрическая,0.0,0.0,0.0,,не менее
13945,2368-0066,50.0,19.0,32.0,45.0,25.0,10.0,,3,45.0,4,Тип 2,Развертка,ГОСТ 28321-89,,,,56.0,,0.2,,Цилиндрическая,0.0,0.0,0.0,,не менее
13946,2368-0067,32.0,13.0,21.0,36.0,22.0,6.0,,4,5.0,4,Тип 2,Развертка,ГОСТ 28321-89,,,,45.0,,0.2,,Цилиндрическая,0.0,0.0,0.0,,не менее
13947,2368-0068,34.0,13.0,21.0,36.0,22.0,6.0,,4,5.0,4,Тип 2,Развертка,ГОСТ 28321-89,,,,45.0,,0.2,,Цилиндрическая,0.0,0.0,0.0,,не менее
13948,2368-0069,35.0,13.0,21.0,36.0,22.0,6.0,,4,5.0,4,Тип 2,Развертка,ГОСТ 28321-89,,,,45.0,,0.2,,Цилиндрическая,0.0,0.0,0.0,,не менее
13949,2368-0071,36.0,16.0,27.0,40.0,22.0,8.0,,4,5.0,4,Тип 2,Развертка,ГОСТ 28321-89,,,,50.0,,0.2,,Цилиндрическая,0.0,0.0,0.0,,не менее
13950,2368-0072,38.0,16.0,27.0,40.0,22.0,8.0,,4,5.0,4,Тип 2,Развертка,ГОСТ 28321-89,,,,50.0,,0.2,,Цилиндрическая,0.0,0.0,0.0,,не менее
13951,2368-0073,40.0,16.0,27.0,40.0,22.0,8.0,,4,5.0,4,Тип 2,Развертка,ГОСТ 28321-89,,,,50.0,,0.2,,Цилиндрическая,0.0,0.0,0.0,,не менее
13952,2368-0074,42.0,16.0,27.0,40.0,22.0,10.0,,4,5.0,4,Тип 2,Развертка,ГОСТ 28321-89,,,,50.0,,0.2,,Цилиндрическая,0.0,0.0,0.0,,не менее
13953,2368-0075,44.0,16.0,27.0,40.0,22.0,10.0,,4,5.0,4,Тип 2,Развертка,ГОСТ 28321-89,,,,50.0,,0.2,,Цилиндрическая,0.0,0.0,0.0,,не менее
13954,2368-0076,45.0,16.0,27.0,40.0,22.0,10.0,,4,5.0,4,Тип 2,Развертка,ГОСТ 28321-89,,,,50.0,,0.2,,Цилиндрическая,0.0,0.0,0.0,,не менее
13955,2368-0077,46.0,19.0,32.0,45.0,25.0,10.0,,4,5.0,4,Тип 2,Развертка,ГОСТ 28321-89,,,,56.0,,0.2,,Цилиндрическая,0.0,0.0,0.0,,не менее
13956,2368-0078,48.0,19.0,32.0,45.0,25.0,10.0,,4,5.0,4,Тип 2,Развертка,ГОСТ 28321-89,,,,56.0,,0.2,,Цилиндрическая,0.0,0.0,0.0,,не менее
13957,2368-0079,50.0,19.0,32.0,45.0,25.0,10.0,,4,5.0,4,Тип 2,Развертка,ГОСТ 28321-89,,,,56.0,,0.2,,Цилиндрическая,0.0,0.0,0.0,,не менее
13958,2368-0081,32.0,13.0,21.0,36.0,22.0,6.0,,4,15.0,4,Тип 2,Развертка,ГОСТ 28321-89,,,,45.0,,0.2,,Цилиндрическая,0.0,0.0,0.0,,не менее
13959,2368-0082,34.0,13.0,21.0,36.0,22.0,6.0,,4,15.0,4,Тип 2,Развертка,ГОСТ 28321-89,,,,45.0,,0.2,,Цилиндрическая,0.0,0.0,0.0,,не менее
13960,2368-0083,35.0,13.0,21.0,36.0,22.0,6.0,,4,15.0,4,Тип 2,Развертка,ГОСТ 28321-89,,,,45.0,,0.2,,Цилиндрическая,0.0,0.0,0.0,,не менее
13961,2368-0084,36.0,16.0,27.0,40.0,22.0,8.0,,4,15.0,4,Тип 2,Развертка,ГОСТ 28321-89,,,,50.0,,0.2,,Цилиндрическая,0.0,0.0,0.0,,не менее
13962,2368-0085,38.0,16.0,27.0,40.0,22.0,8.0,,4,15.0,4,Тип 2,Развертка,ГОСТ 28321-89,,,,50.0,,0.2,,Цилиндрическая,0.0,0.0,0.0,,не менее
13963,2368-0086,40.0,16.0,27.0,40.0,22.0,8.0,,4,15.0,4,Тип 2,Развертка,ГОСТ 28321-89,,,,50.0,,0.2,,Цилиндрическая,0.0,0.0,0.0,,не менее
13964,2368-0087,42.0,16.0,27.0,40.0,22.0,10.0,,4,15.0,4,Тип 2,Развертка,ГОСТ 28321-89,,,,50.0,,0.2,,Цилиндрическая,0.0,0.0,0.0,,не менее
13965,2368-0088,44.0,16.0,27.0,40.0,22.0,10.0,,4,15.0,4,Тип 2,Развертка,ГОСТ 28321-89,,,,50.0,,0.2,,Цилиндрическая,0.0,0.0,0.0,,не менее
13966,2368-0089,45.0,16.0,27.0,40.0,22.0,10.0,,4,15.0,4,Тип 2,Развертка,ГОСТ 28321-89,,,,50.0,,0.2,,Цилиндрическая,0.0,0.0,0.0,,не менее
13967,2368-0091,46.0,19.0,32.0,45.0,25.0,10.0,,4,15.0,4,Тип 2,Развертка,ГОСТ 28321-89,,,,56.0,,0.2,,Цилиндрическая,0.0,0.0,0.0,,не менее
13968,2368-0092,48.0,19.0,32.0,45.0,25.0,10.0,,4,15.0,4,Тип 2,Развертка,ГОСТ 28321-89,,,,56.0,,0.2,,Цилиндрическая,0.0,0.0,0.0,,не менее
13969,2368-0093,50.0,19.0,32.0,45.0,25.0,10.0,,4,15.0,4,Тип 2,Развертка,ГОСТ 28321-89,,,,56.0,,0.2,,Цилиндрическая,0.0,0.0,0.0,,не менее
13970,2368-0094,32.0,13.0,21.0,36.0,22.0,6.0,,4,45.0,4,Тип 2,Развертка,ГОСТ 28321-89,,,,45.0,,0.2,,Цилиндрическая,0.0,0.0,0.0,,не менее
13971,2368-0095,34.0,13.0,21.0,36.0,22.0,6.0,,4,45.0,4,Тип 2,Развертка,ГОСТ 28321-89,,,,45.0,,0.2,,Цилиндрическая,0.0,0.0,0.0,,не менее
13972,2368-0096,35.0,13.0,21.0,36.0,22.0,6.0,,4,45.0,4,Тип 2,Развертка,ГОСТ 28321-89,,,,45.0,,0.2,,Цилиндрическая,0.0,0.0,0.0,,не менее
13973,2368-0097,36.0,16.0,27.0,40.0,22.0,8.0,,4,45.0,4,Тип 2,Развертка,ГОСТ 28321-89,,,,50.0,,0.2,,Цилиндрическая,0.0,0.0,0.0,,не менее
13974,2368-0098,38.0,16.0,27.0,40.0,22.0,8.0,,4,45.0,4,Тип 2,Развертка,ГОСТ 28321-89,,,,50.0,,0.2,,Цилиндрическая,0.0,0.0,0.0,,не менее
13975,2368-0099,40.0,16.0,27.0,40.0,22.0,8.0,,4,45.0,4,Тип 2,Развертка,ГОСТ 28321-89,,,,50.0,,0.2,,Цилиндрическая,0.0,0.0,0.0,,не менее
13976,2368-0101,42.0,16.0,27.0,40.0,22.0,10.0,,4,45.0,4,Тип 2,Развертка,ГОСТ 28321-89,,,,50.0,,0.2,,Цилиндрическая,0.0,0.0,0.0,,не менее
13977,2368-0102,44.0,16.0,27.0,40.0,22.0,10.0,,4,45.0,4,Тип 2,Развертка,ГОСТ 28321-89,,,,50.0,,0.2,,Цилиндрическая,0.0,0.0,0.0,,не менее
13978,2368-0103,45.0,16.0,27.0,40.0,22.0,10.0,,4,45.0,4,Тип 2,Развертка,ГОСТ 28321-89,,,,50.0,,0.2,,Цилиндрическая,0.0,0.0,0.0,,не менее
13979,2368-0104,46.0,19.0,32.0,45.0,25.0,10.0,,4,45.0,4,Тип 2,Развертка,ГОСТ 28321-89,,,,56.0,,0.2,,Цилиндрическая,0.0,0.0,0.0,,не менее
13980,2368-0105,48.0,19.0,32.0,45.0,25.0,10.0,,4,45.0,4,Тип 2,Развертка,ГОСТ 28321-89,,,,56.0,,0.2,,Цилиндрическая,0.0,0.0,0.0,,не менее
13981,2368-0106,50.0,19.0,32.0,45.0,25.0,10.0,,4,45.0,4,Тип 2,Развертка,ГОСТ 28321-89,,,,56.0,,0.2,,Цилиндрическая,0.0,0.0,0.0,,не менее
13982,2372-0171,38.0,28,,90.0,160.0,9.0,,Чистовая,3.0,,,Развертка,ГОСТ 11179-71,39.5,30.5,,,,0.2,75.0,Конусная,0.0,0.0,0.0,1:10,
13983,2372-0172,55.0,40,,120.0,200.0,11.0,,Чистовая,3.0,,,Развертка,ГОСТ 11179-71,57.0,45.0,,,,0.2,100.0,Конусная,0.0,0.0,0.0,1:10,
13984,2372-0173,75.0,50,,150.0,250.0,13.0,,Чистовая,3.0,,,Развертка,ГОСТ 11179-71,77.5,62.5,,,,0.2,125.0,Конусная,0.0,0.0,0.0,1:10,
13985,2372-0174,95.0,71,,180.0,300.0,15.0,,Чистовая,3.0,,,Развертка,ГОСТ 11179-71,98.0,80.0,,,,0.2,150.0,Конусная,0.0,0.0,0.0,1:10,
13986,2372-0178,80.0,56,,210.0,330.0,15.0,,Чистовая,3.0,,,Развертка,ГОСТ 11179-71,83.0,62.0,,,,0.2,180.0,Конусная,0.0,0.0,0.0,1:10,
13987,2372-0179,100.0,71,,260.0,385.0,16.0,,Чистовая,3.0,,,Развертка,ГОСТ 11179-71,103.5,77.5,,,,0.2,225.0,Конусная,0.0,0.0,0.0,1:10,
13988,2372-0191,18.0,12.5,,60.0,100.0,7.0,,Чистовая,4.0,,,Развертка,ГОСТ 11180-71,20.857,12.286,,,,0.2,40.0,Конусная,0.0,0.0,0.0,1:7,
13989,2372-0192,22.0,16.0,,65.0,120.0,9.0,,Чистовая,4.0,,,Развертка,ГОСТ 11180-71,24.857,15.571,,,,0.2,45.0,Конусная,0.0,0.0,0.0,1:7,
13990,2372-0193,28.0,20.0,,80.0,140.0,9.0,,Чистовая,4.0,,,Развертка,ГОСТ 11180-71,31.571,20.143,,,,0.2,55.0,Конусная,0.0,0.0,0.0,1:7,
13991,2372-0194,35.0,25.0,,85.0,150.0,9.0,,Чистовая,4.0,,,Развертка,ГОСТ 11180-71,38.286,26.143,,,,0.2,62.0,Конусная,0.0,0.0,0.0,1:7,
13992,2372-0195,45.0,31.5,,100.0,170.0,11.0,,Чистовая,4.0,,,Развертка,ГОСТ 11180-71,48.571,34.286,,,,0.2,75.0,Конусная,0.0,0.0,0.0,1:7,
13993,2372-0196,55.0,40.0,,120.0,200.0,11.0,,Чистовая,4.0,,,Развертка,ГОСТ 11180-71,59.286,42.143,,,,0.2,90.0,Конусная,0.0,0.0,0.0,1:7,
13994,2372-0197,65.0,45.0,,145.0,240.0,13.0,,Чистовая,4.0,,,Развертка,ГОСТ 11180-71,69.714,49.0,,,,0.2,112.0,Конусная,0.0,0.0,0.0,1:7,
13995,2372-0198,80.0,56.0,,220.0,340.0,15.0,,Чистовая,4.0,,,Развертка,ГОСТ 11180-71,85.714,54.286,,,,0.2,180.0,Конусная,0.0,0.0,0.0,1:7,
13996,2372-0199,100.0,71.0,,265.0,390.0,15.0,,Чистовая,4.0,,,Развертка,ГОСТ 11180-71,106.429,68.571,,,,0.2,220.0,Конусная,0.0,0.0,0.0,1:7,
